-51.0390485 -0.0000000 24.0000000 24.00000 56.40022 297298.49482 206101027.41500 206101027.41500 298039432.81844 2.35001
-51.0390485 -0.0000000 -24.0000000 24.00000 56.40022 297298.49482 206101027.41500 206101027.41500 298039432.81844 2.35001
-15.7719334 -48.5410197 24.0000000 24.00000 56.40022 297298.49482 206101027.41500 206101027.41500 298039432.81844 2.35001
-15.7719334 -48.5410197 -24.0000000 24.00000 56.40022 297298.49482 206101027.41500 206101027.41500 298039432.81844 2.35001
41.2914576 -30.0000000 24.0000000 24.00000 56.40022 297298.49482 206101027.41500 206101027.41500 298039432.81844 2.35001
41.2914576 -30.0000000 -24.0000000 24.00000 56.40022 297298.49482 206101027.41500 206101027.41500 298039432.81844 2.35001
41.2914576 30.0000000 24.0000000 24.00000 56.40022 297298.49482 206101027.41500 206101027.41500 298039432.81844 2.35001
41.2914576 30.0000000 -24.0000000 24.00000 56.40022 297298.49482 206101027.41500 206101027.41500 298039432.81844 2.35001
-15.7719334 48.5410197 24.0000000 24.00000 56.40022 297298.49482 206101027.41500 206101027.41500 298039432.81844 2.35001
-15.7719334 48.5410197 -24.0000000 24.00000 56.40022 297298.49482 206101027.41500 206101027.41500 298039432.81844 2.35001
