0 0 5 2 3.141592653589793
0 6 11 8 3.141592653589793
0 12 17 14 3.141592653589793
0 18 23 20 3.141592653589793
0 24 29 26 3.141592653589793
0 30 35 32 3.141592653589793
0 36 41 38 3.141592653589793
0 42 47 44 3.141592653589793
0 48 53 50 3.141592653589793
0 54 59 56 3.141592653589793
0 60 65 62 3.141592653589793
0 66 71 68 3.141592653589793
0 72 77 74 3.141592653589793
0 78 83 80 3.141592653589793
0 84 89 86 3.141592653589793
0 90 95 92 3.141592653589793
0 96 101 98 3.141592653589793
0 102 107 104 3.141592653589793
0 108 113 110 3.141592653589793
0 114 119 116 3.141592653589793
0 120 125 122 3.141592653589793
0 126 131 128 3.141592653589793
0 132 137 134 3.141592653589793
0 138 143 140 3.141592653589793
0 144 149 146 3.141592653589793
0 150 155 152 3.141592653589793
0 156 161 158 3.141592653589793
0 162 167 164 3.141592653589793
0 168 173 170 3.141592653589793
0 174 179 176 3.141592653589793
0 180 185 182 3.141592653589793
0 186 191 188 3.141592653589793
0 192 197 194 3.141592653589793
0 198 203 200 3.141592653589793
0 204 209 206 3.141592653589793
0 210 215 212 3.141592653589793
0 216 221 218 3.141592653589793
0 222 227 224 3.141592653589793
0 228 233 230 3.141592653589793
0 234 239 236 3.141592653589793
0 240 245 242 3.141592653589793
0 246 251 248 3.141592653589793
0 252 257 254 3.141592653589793
0 258 263 260 3.141592653589793
0 264 269 266 3.141592653589793
0 270 275 272 3.141592653589793
0 276 281 278 3.141592653589793
0 282 287 284 3.141592653589793
0 288 293 290 3.141592653589793
0 294 299 296 3.141592653589793
0 300 305 302 3.141592653589793
0 306 311 308 3.141592653589793
0 312 317 314 3.141592653589793
0 318 323 320 3.141592653589793
0 324 329 326 3.141592653589793
0 330 335 332 3.141592653589793
0 336 341 338 3.141592653589793
0 342 347 344 3.141592653589793
0 348 353 350 3.141592653589793
0 354 359 356 3.141592653589793
0 360 365 362 3.141592653589793
0 366 371 368 3.141592653589793
0 372 377 374 3.141592653589793
0 378 383 380 3.141592653589793
0 384 389 386 3.141592653589793
0 390 395 392 3.141592653589793
0 396 401 398 3.141592653589793
0 402 407 404 3.141592653589793
0 408 413 410 3.141592653589793
0 414 419 416 3.141592653589793
0 420 425 422 3.141592653589793
0 426 431 428 3.141592653589793
0 432 437 434 3.141592653589793
0 438 443 440 3.141592653589793
0 444 449 446 3.141592653589793
0 450 455 452 3.141592653589793
0 456 461 458 3.141592653589793
0 462 467 464 3.141592653589793
0 468 473 470 3.141592653589793
0 474 479 476 3.141592653589793
0 480 485 482 3.141592653589793
0 486 491 488 3.141592653589793
0 492 497 494 3.141592653589793
0 498 503 500 3.141592653589793
0 504 509 506 3.141592653589793
0 510 515 512 3.141592653589793
0 516 521 518 3.141592653589793
0 522 527 524 3.141592653589793
0 528 533 530 3.141592653589793
0 534 539 536 3.141592653589793
0 540 545 542 3.141592653589793
0 546 551 548 3.141592653589793
0 552 557 554 3.141592653589793
0 558 563 560 3.141592653589793
0 564 569 566 3.141592653589793
0 570 575 572 3.141592653589793
0 576 581 578 3.141592653589793
0 582 587 584 3.141592653589793
0 588 593 590 3.141592653589793
0 594 599 596 3.141592653589793
0 600 605 602 3.141592653589793
0 606 611 608 3.141592653589793
0 612 617 614 3.141592653589793
0 618 623 620 3.141592653589793
0 624 629 626 3.141592653589793
0 630 635 632 3.141592653589793
0 636 641 638 3.141592653589793
0 642 647 644 3.141592653589793
0 648 653 650 3.141592653589793
0 654 659 656 3.141592653589793
0 660 665 662 3.141592653589793
0 666 671 668 3.141592653589793
0 672 677 674 3.141592653589793
0 678 683 680 3.141592653589793
0 684 689 686 3.141592653589793
0 690 695 692 3.141592653589793
0 696 701 698 3.141592653589793
0 702 707 704 3.141592653589793
0 708 713 710 3.141592653589793
0 714 719 716 3.141592653589793
0 720 725 722 3.141592653589793
0 726 731 728 3.141592653589793
0 732 737 734 3.141592653589793
0 738 743 740 3.141592653589793
0 744 749 746 3.141592653589793
0 750 755 752 3.141592653589793
0 756 761 758 3.141592653589793
0 762 767 764 3.141592653589793
0 768 773 770 3.141592653589793
0 774 779 776 3.141592653589793
0 780 785 782 3.141592653589793
0 786 791 788 3.141592653589793
0 792 797 794 3.141592653589793
0 798 803 800 3.141592653589793
0 804 809 806 3.141592653589793
0 810 815 812 3.141592653589793
0 816 821 818 3.141592653589793
0 822 827 824 3.141592653589793
0 828 833 830 3.141592653589793
0 834 839 836 3.141592653589793
0 840 845 842 3.141592653589793
0 846 851 848 3.141592653589793
0 852 857 854 3.141592653589793
0 858 863 860 3.141592653589793
0 864 869 866 3.141592653589793
0 870 875 872 3.141592653589793
0 876 881 878 3.141592653589793
0 882 887 884 3.141592653589793
0 888 893 890 3.141592653589793
0 894 899 896 3.141592653589793
0 900 905 902 3.141592653589793
0 906 911 908 3.141592653589793
0 912 917 914 3.141592653589793
0 918 923 920 3.141592653589793
0 924 929 926 3.141592653589793
0 930 935 932 3.141592653589793
0 936 941 938 3.141592653589793
0 942 947 944 3.141592653589793
0 948 953 950 3.141592653589793
0 954 959 956 3.141592653589793
0 960 965 962 3.141592653589793
0 966 971 968 3.141592653589793
0 972 977 974 3.141592653589793
0 978 983 980 3.141592653589793
0 984 989 986 3.141592653589793
0 990 995 992 3.141592653589793
0 996 1001 998 3.141592653589793
0 1002 1007 1004 3.141592653589793
0 1008 1013 1010 3.141592653589793
0 1014 1019 1016 3.141592653589793
0 1020 1025 1022 3.141592653589793
0 1026 1031 1028 3.141592653589793
0 1032 1037 1034 3.141592653589793
0 1038 1043 1040 3.141592653589793
0 1044 1049 1046 3.141592653589793
0 1050 1055 1052 3.141592653589793
0 1056 1061 1058 3.141592653589793
0 1062 1067 1064 3.141592653589793
0 1068 1073 1070 3.141592653589793
0 1074 1079 1076 3.141592653589793
0 1080 1085 1082 3.141592653589793
0 1086 1091 1088 3.141592653589793
0 1092 1097 1094 3.141592653589793
0 1098 1103 1100 3.141592653589793
0 1104 1109 1106 3.141592653589793
0 1110 1115 1112 3.141592653589793
0 1116 1121 1118 3.141592653589793
0 1122 1127 1124 3.141592653589793
0 1128 1133 1130 3.141592653589793
0 1134 1139 1136 3.141592653589793
0 1140 1145 1142 3.141592653589793
0 1146 1151 1148 3.141592653589793
0 1152 1157 1154 3.141592653589793
0 1158 1163 1160 3.141592653589793
0 1164 1169 1166 3.141592653589793
0 1170 1175 1172 3.141592653589793
0 1176 1181 1178 3.141592653589793
0 1182 1187 1184 3.141592653589793
0 1188 1193 1190 3.141592653589793
0 1194 1199 1196 3.141592653589793
0 5 2 1 3.141592653589793
0 11 8 7 3.141592653589793
0 17 14 13 3.141592653589793
0 23 20 19 3.141592653589793
0 29 26 25 3.141592653589793
0 35 32 31 3.141592653589793
0 41 38 37 3.141592653589793
0 47 44 43 3.141592653589793
0 53 50 49 3.141592653589793
0 59 56 55 3.141592653589793
0 65 62 61 3.141592653589793
0 71 68 67 3.141592653589793
0 77 74 73 3.141592653589793
0 83 80 79 3.141592653589793
0 89 86 85 3.141592653589793
0 95 92 91 3.141592653589793
0 101 98 97 3.141592653589793
0 107 104 103 3.141592653589793
0 113 110 109 3.141592653589793
0 119 116 115 3.141592653589793
0 125 122 121 3.141592653589793
0 131 128 127 3.141592653589793
0 137 134 133 3.141592653589793
0 143 140 139 3.141592653589793
0 149 146 145 3.141592653589793
0 155 152 151 3.141592653589793
0 161 158 157 3.141592653589793
0 167 164 163 3.141592653589793
0 173 170 169 3.141592653589793
0 179 176 175 3.141592653589793
0 185 182 181 3.141592653589793
0 191 188 187 3.141592653589793
0 197 194 193 3.141592653589793
0 203 200 199 3.141592653589793
0 209 206 205 3.141592653589793
0 215 212 211 3.141592653589793
0 221 218 217 3.141592653589793
0 227 224 223 3.141592653589793
0 233 230 229 3.141592653589793
0 239 236 235 3.141592653589793
0 245 242 241 3.141592653589793
0 251 248 247 3.141592653589793
0 257 254 253 3.141592653589793
0 263 260 259 3.141592653589793
0 269 266 265 3.141592653589793
0 275 272 271 3.141592653589793
0 281 278 277 3.141592653589793
0 287 284 283 3.141592653589793
0 293 290 289 3.141592653589793
0 299 296 295 3.141592653589793
0 305 302 301 3.141592653589793
0 311 308 307 3.141592653589793
0 317 314 313 3.141592653589793
0 323 320 319 3.141592653589793
0 329 326 325 3.141592653589793
0 335 332 331 3.141592653589793
0 341 338 337 3.141592653589793
0 347 344 343 3.141592653589793
0 353 350 349 3.141592653589793
0 359 356 355 3.141592653589793
0 365 362 361 3.141592653589793
0 371 368 367 3.141592653589793
0 377 374 373 3.141592653589793
0 383 380 379 3.141592653589793
0 389 386 385 3.141592653589793
0 395 392 391 3.141592653589793
0 401 398 397 3.141592653589793
0 407 404 403 3.141592653589793
0 413 410 409 3.141592653589793
0 419 416 415 3.141592653589793
0 425 422 421 3.141592653589793
0 431 428 427 3.141592653589793
0 437 434 433 3.141592653589793
0 443 440 439 3.141592653589793
0 449 446 445 3.141592653589793
0 455 452 451 3.141592653589793
0 461 458 457 3.141592653589793
0 467 464 463 3.141592653589793
0 473 470 469 3.141592653589793
0 479 476 475 3.141592653589793
0 485 482 481 3.141592653589793
0 491 488 487 3.141592653589793
0 497 494 493 3.141592653589793
0 503 500 499 3.141592653589793
0 509 506 505 3.141592653589793
0 515 512 511 3.141592653589793
0 521 518 517 3.141592653589793
0 527 524 523 3.141592653589793
0 533 530 529 3.141592653589793
0 539 536 535 3.141592653589793
0 545 542 541 3.141592653589793
0 551 548 547 3.141592653589793
0 557 554 553 3.141592653589793
0 563 560 559 3.141592653589793
0 569 566 565 3.141592653589793
0 575 572 571 3.141592653589793
0 581 578 577 3.141592653589793
0 587 584 583 3.141592653589793
0 593 590 589 3.141592653589793
0 599 596 595 3.141592653589793
0 605 602 601 3.141592653589793
0 611 608 607 3.141592653589793
0 617 614 613 3.141592653589793
0 623 620 619 3.141592653589793
0 629 626 625 3.141592653589793
0 635 632 631 3.141592653589793
0 641 638 637 3.141592653589793
0 647 644 643 3.141592653589793
0 653 650 649 3.141592653589793
0 659 656 655 3.141592653589793
0 665 662 661 3.141592653589793
0 671 668 667 3.141592653589793
0 677 674 673 3.141592653589793
0 683 680 679 3.141592653589793
0 689 686 685 3.141592653589793
0 695 692 691 3.141592653589793
0 701 698 697 3.141592653589793
0 707 704 703 3.141592653589793
0 713 710 709 3.141592653589793
0 719 716 715 3.141592653589793
0 725 722 721 3.141592653589793
0 731 728 727 3.141592653589793
0 737 734 733 3.141592653589793
0 743 740 739 3.141592653589793
0 749 746 745 3.141592653589793
0 755 752 751 3.141592653589793
0 761 758 757 3.141592653589793
0 767 764 763 3.141592653589793
0 773 770 769 3.141592653589793
0 779 776 775 3.141592653589793
0 785 782 781 3.141592653589793
0 791 788 787 3.141592653589793
0 797 794 793 3.141592653589793
0 803 800 799 3.141592653589793
0 809 806 805 3.141592653589793
0 815 812 811 3.141592653589793
0 821 818 817 3.141592653589793
0 827 824 823 3.141592653589793
0 833 830 829 3.141592653589793
0 839 836 835 3.141592653589793
0 845 842 841 3.141592653589793
0 851 848 847 3.141592653589793
0 857 854 853 3.141592653589793
0 863 860 859 3.141592653589793
0 869 866 865 3.141592653589793
0 875 872 871 3.141592653589793
0 881 878 877 3.141592653589793
0 887 884 883 3.141592653589793
0 893 890 889 3.141592653589793
0 899 896 895 3.141592653589793
0 905 902 901 3.141592653589793
0 911 908 907 3.141592653589793
0 917 914 913 3.141592653589793
0 923 920 919 3.141592653589793
0 929 926 925 3.141592653589793
0 935 932 931 3.141592653589793
0 941 938 937 3.141592653589793
0 947 944 943 3.141592653589793
0 953 950 949 3.141592653589793
0 959 956 955 3.141592653589793
0 965 962 961 3.141592653589793
0 971 968 967 3.141592653589793
0 977 974 973 3.141592653589793
0 983 980 979 3.141592653589793
0 989 986 985 3.141592653589793
0 995 992 991 3.141592653589793
0 1001 998 997 3.141592653589793
0 1007 1004 1003 3.141592653589793
0 1013 1010 1009 3.141592653589793
0 1019 1016 1015 3.141592653589793
0 1025 1022 1021 3.141592653589793
0 1031 1028 1027 3.141592653589793
0 1037 1034 1033 3.141592653589793
0 1043 1040 1039 3.141592653589793
0 1049 1046 1045 3.141592653589793
0 1055 1052 1051 3.141592653589793
0 1061 1058 1057 3.141592653589793
0 1067 1064 1063 3.141592653589793
0 1073 1070 1069 3.141592653589793
0 1079 1076 1075 3.141592653589793
0 1085 1082 1081 3.141592653589793
0 1091 1088 1087 3.141592653589793
0 1097 1094 1093 3.141592653589793
0 1103 1100 1099 3.141592653589793
0 1109 1106 1105 3.141592653589793
0 1115 1112 1111 3.141592653589793
0 1121 1118 1117 3.141592653589793
0 1127 1124 1123 3.141592653589793
0 1133 1130 1129 3.141592653589793
0 1139 1136 1135 3.141592653589793
0 1145 1142 1141 3.141592653589793
0 1151 1148 1147 3.141592653589793
0 1157 1154 1153 3.141592653589793
0 1163 1160 1159 3.141592653589793
0 1169 1166 1165 3.141592653589793
0 1175 1172 1171 3.141592653589793
0 1181 1178 1177 3.141592653589793
0 1187 1184 1183 3.141592653589793
0 1193 1190 1189 3.141592653589793
0 1199 1196 1195 3.141592653589793
