0 4 9
0 10 15
0 16 21
0 22 27
0 28 33
0 34 39
0 40 45
0 46 51
0 52 57
0 58 63
0 64 69
0 70 75
0 76 81
0 82 87
0 88 93
0 94 99
0 100 105
0 106 111
0 112 117
0 118 123
0 124 129
0 130 135
0 136 141
0 142 147
0 148 153
0 154 159
0 160 165
0 166 171
0 172 177
0 178 183
0 184 189
0 190 195
0 196 201
0 202 207
0 208 213
0 214 219
0 220 225
0 226 231
0 232 237
0 238 243
0 244 249
0 250 255
0 256 261
0 262 267
0 268 273
0 274 279
0 280 285
0 286 291
0 292 297
0 298 303
0 304 309
0 310 315
0 316 321
0 322 327
0 328 333
0 334 339
0 340 345
0 346 351
0 352 357
0 358 363
0 364 369
0 370 375
0 376 381
0 382 387
0 388 393
0 394 399
0 400 405
0 406 411
0 412 417
0 418 423
0 424 429
0 430 435
0 436 441
0 442 447
0 448 453
0 454 459
0 460 465
0 466 471
0 472 477
0 478 483
0 484 489
0 490 495
0 496 501
0 502 507
0 508 513
0 514 519
0 520 525
0 526 531
0 532 537
0 538 543
0 544 549
0 550 555
0 556 561
0 562 567
0 568 573
0 574 579
0 580 585
0 586 591
0 592 597
0 598 603
0 604 609
0 610 615
0 616 621
0 622 627
0 628 633
0 634 639
0 640 645
0 646 651
0 652 657
0 658 663
0 664 669
0 670 675
0 676 681
0 682 687
0 688 693
0 694 699
0 700 705
0 706 711
0 712 717
0 718 723
0 724 729
0 730 735
0 736 741
0 742 747
0 748 753
0 754 759
0 760 765
0 766 771
0 772 777
0 778 783
0 784 789
0 790 795
0 796 801
0 802 807
0 808 813
0 814 819
0 820 825
0 826 831
0 832 837
0 838 843
0 844 849
0 850 855
0 856 861
0 862 867
0 868 873
0 874 879
0 880 885
0 886 891
0 892 897
0 898 903
0 904 909
0 910 915
0 916 921
0 922 927
0 928 933
0 934 939
0 940 945
0 946 951
0 952 957
0 958 963
0 964 969
0 970 975
0 976 981
0 982 987
0 988 993
0 994 999
0 1000 1005
0 1006 1011
0 1012 1017
0 1018 1023
0 1024 1029
0 1030 1035
0 1036 1041
0 1042 1047
0 1048 1053
0 1054 1059
0 1060 1065
0 1066 1071
0 1072 1077
0 1078 1083
0 1084 1089
0 1090 1095
0 1096 1101
0 1102 1107
0 1108 1113
0 1114 1119
0 1120 1125
0 1126 1131
0 1132 1137
0 1138 1143
0 1144 1149
0 1150 1155
0 1156 1161
0 1162 1167
0 1168 1173
0 1174 1179
0 1180 1185
0 1186 1191
0 1192 1197
1 5 2
1 11 8
1 17 14
1 23 20
1 29 26
1 35 32
1 41 38
1 47 44
1 53 50
1 59 56
1 65 62
1 71 68
1 77 74
1 83 80
1 89 86
1 95 92
1 101 98
1 107 104
1 113 110
1 119 116
1 125 122
1 131 128
1 137 134
1 143 140
1 149 146
1 155 152
1 161 158
1 167 164
1 173 170
1 179 176
1 185 182
1 191 188
1 197 194
1 203 200
1 209 206
1 215 212
1 221 218
1 227 224
1 233 230
1 239 236
1 245 242
1 251 248
1 257 254
1 263 260
1 269 266
1 275 272
1 281 278
1 287 284
1 293 290
1 299 296
1 305 302
1 311 308
1 317 314
1 323 320
1 329 326
1 335 332
1 341 338
1 347 344
1 353 350
1 359 356
1 365 362
1 371 368
1 377 374
1 383 380
1 389 386
1 395 392
1 401 398
1 407 404
1 413 410
1 419 416
1 425 422
1 431 428
1 437 434
1 443 440
1 449 446
1 455 452
1 461 458
1 467 464
1 473 470
1 479 476
1 485 482
1 491 488
1 497 494
1 503 500
1 509 506
1 515 512
1 521 518
1 527 524
1 533 530
1 539 536
1 545 542
1 551 548
1 557 554
1 563 560
1 569 566
1 575 572
1 581 578
1 587 584
1 593 590
1 599 596
1 605 602
1 611 608
1 617 614
1 623 620
1 629 626
1 635 632
1 641 638
1 647 644
1 653 650
1 659 656
1 665 662
1 671 668
1 677 674
1 683 680
1 689 686
1 695 692
1 701 698
1 707 704
1 713 710
1 719 716
1 725 722
1 731 728
1 737 734
1 743 740
1 749 746
1 755 752
1 761 758
1 767 764
1 773 770
1 779 776
1 785 782
1 791 788
1 797 794
1 803 800
1 809 806
1 815 812
1 821 818
1 827 824
1 833 830
1 839 836
1 845 842
1 851 848
1 857 854
1 863 860
1 869 866
1 875 872
1 881 878
1 887 884
1 893 890
1 899 896
1 905 902
1 911 908
1 917 914
1 923 920
1 929 926
1 935 932
1 941 938
1 947 944
1 953 950
1 959 956
1 965 962
1 971 968
1 977 974
1 983 980
1 989 986
1 995 992
1 1001 998
1 1007 1004
1 1013 1010
1 1019 1016
1 1025 1022
1 1031 1028
1 1037 1034
1 1043 1040
1 1049 1046
1 1055 1052
1 1061 1058
1 1067 1064
1 1073 1070
1 1079 1076
1 1085 1082
1 1091 1088
1 1097 1094
1 1103 1100
1 1109 1106
1 1115 1112
1 1121 1118
1 1127 1124
1 1133 1130
1 1139 1136
1 1145 1142
1 1151 1148
1 1157 1154
1 1163 1160
1 1169 1166
1 1175 1172
1 1181 1178
1 1187 1184
1 1193 1190
1 1199 1196
