0 0 0.0000000000 0.0000000000 -14208.6437800000 1.0 0.0 0.0 0.0
4 1 165.6470782000 0.0000000000 -14208.6437800000 1.0 0.0 0.0 0.0
1 1 104.4002200000 0.0000000000 -14208.6437800000 1.0 0.0 0.0 0.0
2 0 0.0000000000 0.0000000000 -14265.0440000000 1.0 0.0 0.0 0.0
2 0 0.0000000000 0.0000000000 -14152.2435600000 1.0 0.0 0.0 0.0
3 0 56.4002200000 0.0000000000 -14208.6437800000 1.0 0.0 0.0 0.0
0 6 0.0000000000 0.0000000000 -14065.8433400000 1.0 0.0 0.0 0.0
5 7 165.6470782000 0.0000000000 -14065.8433400000 1.0 0.0 0.0 0.0
1 7 104.4002200000 0.0000000000 -14065.8433400000 1.0 0.0 0.0 0.0
2 6 0.0000000000 0.0000000000 -14122.2435600000 1.0 0.0 0.0 0.0
2 6 0.0000000000 0.0000000000 -14009.4431200000 1.0 0.0 0.0 0.0
3 6 56.4002200000 0.0000000000 -14065.8433400000 1.0 0.0 0.0 0.0
0 12 0.0000000000 0.0000000000 -13923.0429000000 1.0 0.0 0.0 0.0
6 13 165.6470782000 0.0000000000 -13923.0429000000 1.0 0.0 0.0 0.0
1 13 104.4002200000 0.0000000000 -13923.0429000000 1.0 0.0 0.0 0.0
2 12 0.0000000000 0.0000000000 -13979.4431200000 1.0 0.0 0.0 0.0
2 12 0.0000000000 0.0000000000 -13866.6426800000 1.0 0.0 0.0 0.0
3 12 56.4002200000 0.0000000000 -13923.0429000000 1.0 0.0 0.0 0.0
0 18 0.0000000000 0.0000000000 -13780.2424600000 1.0 0.0 0.0 0.0
7 19 165.6470782000 0.0000000000 -13780.2424600000 1.0 0.0 0.0 0.0
1 19 104.4002200000 0.0000000000 -13780.2424600000 1.0 0.0 0.0 0.0
2 18 0.0000000000 0.0000000000 -13836.6426800000 1.0 0.0 0.0 0.0
2 18 0.0000000000 0.0000000000 -13723.8422400000 1.0 0.0 0.0 0.0
3 18 56.4002200000 0.0000000000 -13780.2424600000 1.0 0.0 0.0 0.0
0 24 0.0000000000 0.0000000000 -13637.4420200000 1.0 0.0 0.0 0.0
8 25 165.6470782000 0.0000000000 -13637.4420200000 1.0 0.0 0.0 0.0
1 25 104.4002200000 0.0000000000 -13637.4420200000 1.0 0.0 0.0 0.0
2 24 0.0000000000 0.0000000000 -13693.8422400000 1.0 0.0 0.0 0.0
2 24 0.0000000000 0.0000000000 -13581.0418000000 1.0 0.0 0.0 0.0
3 24 56.4002200000 0.0000000000 -13637.4420200000 1.0 0.0 0.0 0.0
0 30 0.0000000000 0.0000000000 -13494.6415800000 1.0 0.0 0.0 0.0
9 31 165.6470782000 0.0000000000 -13494.6415800000 1.0 0.0 0.0 0.0
1 31 104.4002200000 0.0000000000 -13494.6415800000 1.0 0.0 0.0 0.0
2 30 0.0000000000 0.0000000000 -13551.0418000000 1.0 0.0 0.0 0.0
2 30 0.0000000000 0.0000000000 -13438.2413600000 1.0 0.0 0.0 0.0
3 30 56.4002200000 0.0000000000 -13494.6415800000 1.0 0.0 0.0 0.0
0 36 0.0000000000 0.0000000000 -13351.8411400000 1.0 0.0 0.0 0.0
10 37 165.6470782000 0.0000000000 -13351.8411400000 1.0 0.0 0.0 0.0
1 37 104.4002200000 0.0000000000 -13351.8411400000 1.0 0.0 0.0 0.0
2 36 0.0000000000 0.0000000000 -13408.2413600000 1.0 0.0 0.0 0.0
2 36 0.0000000000 0.0000000000 -13295.4409200000 1.0 0.0 0.0 0.0
3 36 56.4002200000 0.0000000000 -13351.8411400000 1.0 0.0 0.0 0.0
0 42 0.0000000000 0.0000000000 -13209.0407000000 1.0 0.0 0.0 0.0
11 43 165.6470782000 0.0000000000 -13209.0407000000 1.0 0.0 0.0 0.0
1 43 104.4002200000 0.0000000000 -13209.0407000000 1.0 0.0 0.0 0.0
2 42 0.0000000000 0.0000000000 -13265.4409200000 1.0 0.0 0.0 0.0
2 42 0.0000000000 0.0000000000 -13152.6404800000 1.0 0.0 0.0 0.0
3 42 56.4002200000 0.0000000000 -13209.0407000000 1.0 0.0 0.0 0.0
0 48 0.0000000000 0.0000000000 -13066.2402600000 1.0 0.0 0.0 0.0
12 49 165.6470782000 0.0000000000 -13066.2402600000 1.0 0.0 0.0 0.0
1 49 104.4002200000 0.0000000000 -13066.2402600000 1.0 0.0 0.0 0.0
2 48 0.0000000000 0.0000000000 -13122.6404800000 1.0 0.0 0.0 0.0
2 48 0.0000000000 0.0000000000 -13009.8400400000 1.0 0.0 0.0 0.0
3 48 56.4002200000 0.0000000000 -13066.2402600000 1.0 0.0 0.0 0.0
0 54 0.0000000000 0.0000000000 -12923.4398200000 1.0 0.0 0.0 0.0
13 55 165.6470782000 0.0000000000 -12923.4398200000 1.0 0.0 0.0 0.0
1 55 104.4002200000 0.0000000000 -12923.4398200000 1.0 0.0 0.0 0.0
2 54 0.0000000000 0.0000000000 -12979.8400400000 1.0 0.0 0.0 0.0
2 54 0.0000000000 0.0000000000 -12867.0396000000 1.0 0.0 0.0 0.0
3 54 56.4002200000 0.0000000000 -12923.4398200000 1.0 0.0 0.0 0.0
0 60 0.0000000000 0.0000000000 -12780.6393800000 1.0 0.0 0.0 0.0
14 61 165.6470782000 0.0000000000 -12780.6393800000 1.0 0.0 0.0 0.0
1 61 104.4002200000 0.0000000000 -12780.6393800000 1.0 0.0 0.0 0.0
2 60 0.0000000000 0.0000000000 -12837.0396000000 1.0 0.0 0.0 0.0
2 60 0.0000000000 0.0000000000 -12724.2391600000 1.0 0.0 0.0 0.0
3 60 56.4002200000 0.0000000000 -12780.6393800000 1.0 0.0 0.0 0.0
0 66 0.0000000000 0.0000000000 -12637.8389400000 1.0 0.0 0.0 0.0
15 67 165.6470782000 0.0000000000 -12637.8389400000 1.0 0.0 0.0 0.0
1 67 104.4002200000 0.0000000000 -12637.8389400000 1.0 0.0 0.0 0.0
2 66 0.0000000000 0.0000000000 -12694.2391600000 1.0 0.0 0.0 0.0
2 66 0.0000000000 0.0000000000 -12581.4387200000 1.0 0.0 0.0 0.0
3 66 56.4002200000 0.0000000000 -12637.8389400000 1.0 0.0 0.0 0.0
0 72 0.0000000000 0.0000000000 -12495.0385000000 1.0 0.0 0.0 0.0
16 73 165.6470782000 0.0000000000 -12495.0385000000 1.0 0.0 0.0 0.0
1 73 104.4002200000 0.0000000000 -12495.0385000000 1.0 0.0 0.0 0.0
2 72 0.0000000000 0.0000000000 -12551.4387200000 1.0 0.0 0.0 0.0
2 72 0.0000000000 0.0000000000 -12438.6382800000 1.0 0.0 0.0 0.0
3 72 56.4002200000 0.0000000000 -12495.0385000000 1.0 0.0 0.0 0.0
0 78 0.0000000000 0.0000000000 -12352.2380600000 1.0 0.0 0.0 0.0
17 79 165.6470782000 0.0000000000 -12352.2380600000 1.0 0.0 0.0 0.0
1 79 104.4002200000 0.0000000000 -12352.2380600000 1.0 0.0 0.0 0.0
2 78 0.0000000000 0.0000000000 -12408.6382800000 1.0 0.0 0.0 0.0
2 78 0.0000000000 0.0000000000 -12295.8378400000 1.0 0.0 0.0 0.0
3 78 56.4002200000 0.0000000000 -12352.2380600000 1.0 0.0 0.0 0.0
0 84 0.0000000000 0.0000000000 -12209.4376200000 1.0 0.0 0.0 0.0
18 85 165.6470782000 0.0000000000 -12209.4376200000 1.0 0.0 0.0 0.0
1 85 104.4002200000 0.0000000000 -12209.4376200000 1.0 0.0 0.0 0.0
2 84 0.0000000000 0.0000000000 -12265.8378400000 1.0 0.0 0.0 0.0
2 84 0.0000000000 0.0000000000 -12153.0374000000 1.0 0.0 0.0 0.0
3 84 56.4002200000 0.0000000000 -12209.4376200000 1.0 0.0 0.0 0.0
0 90 0.0000000000 0.0000000000 -12066.6371800000 1.0 0.0 0.0 0.0
19 91 165.6470782000 0.0000000000 -12066.6371800000 1.0 0.0 0.0 0.0
1 91 104.4002200000 0.0000000000 -12066.6371800000 1.0 0.0 0.0 0.0
2 90 0.0000000000 0.0000000000 -12123.0374000000 1.0 0.0 0.0 0.0
2 90 0.0000000000 0.0000000000 -12010.2369600000 1.0 0.0 0.0 0.0
3 90 56.4002200000 0.0000000000 -12066.6371800000 1.0 0.0 0.0 0.0
0 96 0.0000000000 0.0000000000 -11923.8367400000 1.0 0.0 0.0 0.0
20 97 165.6470782000 0.0000000000 -11923.8367400000 1.0 0.0 0.0 0.0
1 97 104.4002200000 0.0000000000 -11923.8367400000 1.0 0.0 0.0 0.0
2 96 0.0000000000 0.0000000000 -11980.2369600000 1.0 0.0 0.0 0.0
2 96 0.0000000000 0.0000000000 -11867.4365200000 1.0 0.0 0.0 0.0
3 96 56.4002200000 0.0000000000 -11923.8367400000 1.0 0.0 0.0 0.0
0 102 0.0000000000 0.0000000000 -11781.0363000000 1.0 0.0 0.0 0.0
21 103 165.6470782000 0.0000000000 -11781.0363000000 1.0 0.0 0.0 0.0
1 103 104.4002200000 0.0000000000 -11781.0363000000 1.0 0.0 0.0 0.0
2 102 0.0000000000 0.0000000000 -11837.4365200000 1.0 0.0 0.0 0.0
2 102 0.0000000000 0.0000000000 -11724.6360800000 1.0 0.0 0.0 0.0
3 102 56.4002200000 0.0000000000 -11781.0363000000 1.0 0.0 0.0 0.0
0 108 0.0000000000 0.0000000000 -11638.2358600000 1.0 0.0 0.0 0.0
22 109 165.6470782000 0.0000000000 -11638.2358600000 1.0 0.0 0.0 0.0
1 109 104.4002200000 0.0000000000 -11638.2358600000 1.0 0.0 0.0 0.0
2 108 0.0000000000 0.0000000000 -11694.6360800000 1.0 0.0 0.0 0.0
2 108 0.0000000000 0.0000000000 -11581.8356400000 1.0 0.0 0.0 0.0
3 108 56.4002200000 0.0000000000 -11638.2358600000 1.0 0.0 0.0 0.0
0 114 0.0000000000 0.0000000000 -11495.4354200000 1.0 0.0 0.0 0.0
23 115 165.6470782000 0.0000000000 -11495.4354200000 1.0 0.0 0.0 0.0
1 115 104.4002200000 0.0000000000 -11495.4354200000 1.0 0.0 0.0 0.0
2 114 0.0000000000 0.0000000000 -11551.8356400000 1.0 0.0 0.0 0.0
2 114 0.0000000000 0.0000000000 -11439.0352000000 1.0 0.0 0.0 0.0
3 114 56.4002200000 0.0000000000 -11495.4354200000 1.0 0.0 0.0 0.0
0 120 0.0000000000 0.0000000000 -11352.6349800000 1.0 0.0 0.0 0.0
24 121 165.6470782000 0.0000000000 -11352.6349800000 1.0 0.0 0.0 0.0
1 121 104.4002200000 0.0000000000 -11352.6349800000 1.0 0.0 0.0 0.0
2 120 0.0000000000 0.0000000000 -11409.0352000000 1.0 0.0 0.0 0.0
2 120 0.0000000000 0.0000000000 -11296.2347600000 1.0 0.0 0.0 0.0
3 120 56.4002200000 0.0000000000 -11352.6349800000 1.0 0.0 0.0 0.0
0 126 0.0000000000 0.0000000000 -11209.8345400000 1.0 0.0 0.0 0.0
25 127 165.6470782000 0.0000000000 -11209.8345400000 1.0 0.0 0.0 0.0
1 127 104.4002200000 0.0000000000 -11209.8345400000 1.0 0.0 0.0 0.0
2 126 0.0000000000 0.0000000000 -11266.2347600000 1.0 0.0 0.0 0.0
2 126 0.0000000000 0.0000000000 -11153.4343200000 1.0 0.0 0.0 0.0
3 126 56.4002200000 0.0000000000 -11209.8345400000 1.0 0.0 0.0 0.0
0 132 0.0000000000 0.0000000000 -11067.0341000000 1.0 0.0 0.0 0.0
26 133 165.6470782000 0.0000000000 -11067.0341000000 1.0 0.0 0.0 0.0
1 133 104.4002200000 0.0000000000 -11067.0341000000 1.0 0.0 0.0 0.0
2 132 0.0000000000 0.0000000000 -11123.4343200000 1.0 0.0 0.0 0.0
2 132 0.0000000000 0.0000000000 -11010.6338800000 1.0 0.0 0.0 0.0
3 132 56.4002200000 0.0000000000 -11067.0341000000 1.0 0.0 0.0 0.0
0 138 0.0000000000 0.0000000000 -10924.2336600000 1.0 0.0 0.0 0.0
27 139 165.6470782000 0.0000000000 -10924.2336600000 1.0 0.0 0.0 0.0
1 139 104.4002200000 0.0000000000 -10924.2336600000 1.0 0.0 0.0 0.0
2 138 0.0000000000 0.0000000000 -10980.6338800000 1.0 0.0 0.0 0.0
2 138 0.0000000000 0.0000000000 -10867.8334400000 1.0 0.0 0.0 0.0
3 138 56.4002200000 0.0000000000 -10924.2336600000 1.0 0.0 0.0 0.0
0 144 0.0000000000 0.0000000000 -10781.4332200000 1.0 0.0 0.0 0.0
28 145 165.6470782000 0.0000000000 -10781.4332200000 1.0 0.0 0.0 0.0
1 145 104.4002200000 0.0000000000 -10781.4332200000 1.0 0.0 0.0 0.0
2 144 0.0000000000 0.0000000000 -10837.8334400000 1.0 0.0 0.0 0.0
2 144 0.0000000000 0.0000000000 -10725.0330000000 1.0 0.0 0.0 0.0
3 144 56.4002200000 0.0000000000 -10781.4332200000 1.0 0.0 0.0 0.0
0 150 0.0000000000 0.0000000000 -10638.6327800000 1.0 0.0 0.0 0.0
29 151 165.6470782000 0.0000000000 -10638.6327800000 1.0 0.0 0.0 0.0
1 151 104.4002200000 0.0000000000 -10638.6327800000 1.0 0.0 0.0 0.0
2 150 0.0000000000 0.0000000000 -10695.0330000000 1.0 0.0 0.0 0.0
2 150 0.0000000000 0.0000000000 -10582.2325600000 1.0 0.0 0.0 0.0
3 150 56.4002200000 0.0000000000 -10638.6327800000 1.0 0.0 0.0 0.0
0 156 0.0000000000 0.0000000000 -10495.8323400000 1.0 0.0 0.0 0.0
30 157 165.6470782000 0.0000000000 -10495.8323400000 1.0 0.0 0.0 0.0
1 157 104.4002200000 0.0000000000 -10495.8323400000 1.0 0.0 0.0 0.0
2 156 0.0000000000 0.0000000000 -10552.2325600000 1.0 0.0 0.0 0.0
2 156 0.0000000000 0.0000000000 -10439.4321200000 1.0 0.0 0.0 0.0
3 156 56.4002200000 0.0000000000 -10495.8323400000 1.0 0.0 0.0 0.0
0 162 0.0000000000 0.0000000000 -10353.0319000000 1.0 0.0 0.0 0.0
31 163 165.6470782000 0.0000000000 -10353.0319000000 1.0 0.0 0.0 0.0
1 163 104.4002200000 0.0000000000 -10353.0319000000 1.0 0.0 0.0 0.0
2 162 0.0000000000 0.0000000000 -10409.4321200000 1.0 0.0 0.0 0.0
2 162 0.0000000000 0.0000000000 -10296.6316800000 1.0 0.0 0.0 0.0
3 162 56.4002200000 0.0000000000 -10353.0319000000 1.0 0.0 0.0 0.0
0 168 0.0000000000 0.0000000000 -10210.2314600000 1.0 0.0 0.0 0.0
32 169 165.6470782000 0.0000000000 -10210.2314600000 1.0 0.0 0.0 0.0
1 169 104.4002200000 0.0000000000 -10210.2314600000 1.0 0.0 0.0 0.0
2 168 0.0000000000 0.0000000000 -10266.6316800000 1.0 0.0 0.0 0.0
2 168 0.0000000000 0.0000000000 -10153.8312400000 1.0 0.0 0.0 0.0
3 168 56.4002200000 0.0000000000 -10210.2314600000 1.0 0.0 0.0 0.0
0 174 0.0000000000 0.0000000000 -10067.4310200000 1.0 0.0 0.0 0.0
33 175 165.6470782000 0.0000000000 -10067.4310200000 1.0 0.0 0.0 0.0
1 175 104.4002200000 0.0000000000 -10067.4310200000 1.0 0.0 0.0 0.0
2 174 0.0000000000 0.0000000000 -10123.8312400000 1.0 0.0 0.0 0.0
2 174 0.0000000000 0.0000000000 -10011.0308000000 1.0 0.0 0.0 0.0
3 174 56.4002200000 0.0000000000 -10067.4310200000 1.0 0.0 0.0 0.0
0 180 0.0000000000 0.0000000000 -9924.6305800000 1.0 0.0 0.0 0.0
34 181 165.6470782000 0.0000000000 -9924.6305800000 1.0 0.0 0.0 0.0
1 181 104.4002200000 0.0000000000 -9924.6305800000 1.0 0.0 0.0 0.0
2 180 0.0000000000 0.0000000000 -9981.0308000000 1.0 0.0 0.0 0.0
2 180 0.0000000000 0.0000000000 -9868.2303600000 1.0 0.0 0.0 0.0
3 180 56.4002200000 0.0000000000 -9924.6305800000 1.0 0.0 0.0 0.0
0 186 0.0000000000 0.0000000000 -9781.8301400000 1.0 0.0 0.0 0.0
35 187 165.6470782000 0.0000000000 -9781.8301400000 1.0 0.0 0.0 0.0
1 187 104.4002200000 0.0000000000 -9781.8301400000 1.0 0.0 0.0 0.0
2 186 0.0000000000 0.0000000000 -9838.2303600000 1.0 0.0 0.0 0.0
2 186 0.0000000000 0.0000000000 -9725.4299200000 1.0 0.0 0.0 0.0
3 186 56.4002200000 0.0000000000 -9781.8301400000 1.0 0.0 0.0 0.0
0 192 0.0000000000 0.0000000000 -9639.0297000000 1.0 0.0 0.0 0.0
36 193 165.6470782000 0.0000000000 -9639.0297000000 1.0 0.0 0.0 0.0
1 193 104.4002200000 0.0000000000 -9639.0297000000 1.0 0.0 0.0 0.0
2 192 0.0000000000 0.0000000000 -9695.4299200000 1.0 0.0 0.0 0.0
2 192 0.0000000000 0.0000000000 -9582.6294800000 1.0 0.0 0.0 0.0
3 192 56.4002200000 0.0000000000 -9639.0297000000 1.0 0.0 0.0 0.0
0 198 0.0000000000 0.0000000000 -9496.2292600000 1.0 0.0 0.0 0.0
37 199 165.6470782000 0.0000000000 -9496.2292600000 1.0 0.0 0.0 0.0
1 199 104.4002200000 0.0000000000 -9496.2292600000 1.0 0.0 0.0 0.0
2 198 0.0000000000 0.0000000000 -9552.6294800000 1.0 0.0 0.0 0.0
2 198 0.0000000000 0.0000000000 -9439.8290400000 1.0 0.0 0.0 0.0
3 198 56.4002200000 0.0000000000 -9496.2292600000 1.0 0.0 0.0 0.0
0 204 0.0000000000 0.0000000000 -9353.4288200000 1.0 0.0 0.0 0.0
38 205 165.6470782000 0.0000000000 -9353.4288200000 1.0 0.0 0.0 0.0
1 205 104.4002200000 0.0000000000 -9353.4288200000 1.0 0.0 0.0 0.0
2 204 0.0000000000 0.0000000000 -9409.8290400000 1.0 0.0 0.0 0.0
2 204 0.0000000000 0.0000000000 -9297.0286000000 1.0 0.0 0.0 0.0
3 204 56.4002200000 0.0000000000 -9353.4288200000 1.0 0.0 0.0 0.0
0 210 0.0000000000 0.0000000000 -9210.6283800000 1.0 0.0 0.0 0.0
39 211 165.6470782000 0.0000000000 -9210.6283800000 1.0 0.0 0.0 0.0
1 211 104.4002200000 0.0000000000 -9210.6283800000 1.0 0.0 0.0 0.0
2 210 0.0000000000 0.0000000000 -9267.0286000000 1.0 0.0 0.0 0.0
2 210 0.0000000000 0.0000000000 -9154.2281600000 1.0 0.0 0.0 0.0
3 210 56.4002200000 0.0000000000 -9210.6283800000 1.0 0.0 0.0 0.0
0 216 0.0000000000 0.0000000000 -9067.8279400000 1.0 0.0 0.0 0.0
40 217 165.6470782000 0.0000000000 -9067.8279400000 1.0 0.0 0.0 0.0
1 217 104.4002200000 0.0000000000 -9067.8279400000 1.0 0.0 0.0 0.0
2 216 0.0000000000 0.0000000000 -9124.2281600000 1.0 0.0 0.0 0.0
2 216 0.0000000000 0.0000000000 -9011.4277200000 1.0 0.0 0.0 0.0
3 216 56.4002200000 0.0000000000 -9067.8279400000 1.0 0.0 0.0 0.0
0 222 0.0000000000 0.0000000000 -8925.0275000000 1.0 0.0 0.0 0.0
41 223 165.6470782000 0.0000000000 -8925.0275000000 1.0 0.0 0.0 0.0
1 223 104.4002200000 0.0000000000 -8925.0275000000 1.0 0.0 0.0 0.0
2 222 0.0000000000 0.0000000000 -8981.4277200000 1.0 0.0 0.0 0.0
2 222 0.0000000000 0.0000000000 -8868.6272800000 1.0 0.0 0.0 0.0
3 222 56.4002200000 0.0000000000 -8925.0275000000 1.0 0.0 0.0 0.0
0 228 0.0000000000 0.0000000000 -8782.2270600000 1.0 0.0 0.0 0.0
42 229 165.6470782000 0.0000000000 -8782.2270600000 1.0 0.0 0.0 0.0
1 229 104.4002200000 0.0000000000 -8782.2270600000 1.0 0.0 0.0 0.0
2 228 0.0000000000 0.0000000000 -8838.6272800000 1.0 0.0 0.0 0.0
2 228 0.0000000000 0.0000000000 -8725.8268400000 1.0 0.0 0.0 0.0
3 228 56.4002200000 0.0000000000 -8782.2270600000 1.0 0.0 0.0 0.0
0 234 0.0000000000 0.0000000000 -8639.4266200000 1.0 0.0 0.0 0.0
43 235 165.6470782000 0.0000000000 -8639.4266200000 1.0 0.0 0.0 0.0
1 235 104.4002200000 0.0000000000 -8639.4266200000 1.0 0.0 0.0 0.0
2 234 0.0000000000 0.0000000000 -8695.8268400000 1.0 0.0 0.0 0.0
2 234 0.0000000000 0.0000000000 -8583.0264000000 1.0 0.0 0.0 0.0
3 234 56.4002200000 0.0000000000 -8639.4266200000 1.0 0.0 0.0 0.0
0 240 0.0000000000 0.0000000000 -8496.6261800000 1.0 0.0 0.0 0.0
44 241 165.6470782000 0.0000000000 -8496.6261800000 1.0 0.0 0.0 0.0
1 241 104.4002200000 0.0000000000 -8496.6261800000 1.0 0.0 0.0 0.0
2 240 0.0000000000 0.0000000000 -8553.0264000000 1.0 0.0 0.0 0.0
2 240 0.0000000000 0.0000000000 -8440.2259600000 1.0 0.0 0.0 0.0
3 240 56.4002200000 0.0000000000 -8496.6261800000 1.0 0.0 0.0 0.0
0 246 0.0000000000 0.0000000000 -8353.8257400000 1.0 0.0 0.0 0.0
45 247 165.6470782000 0.0000000000 -8353.8257400000 1.0 0.0 0.0 0.0
1 247 104.4002200000 0.0000000000 -8353.8257400000 1.0 0.0 0.0 0.0
2 246 0.0000000000 0.0000000000 -8410.2259600000 1.0 0.0 0.0 0.0
2 246 0.0000000000 0.0000000000 -8297.4255200000 1.0 0.0 0.0 0.0
3 246 56.4002200000 0.0000000000 -8353.8257400000 1.0 0.0 0.0 0.0
0 252 0.0000000000 0.0000000000 -8211.0253000000 1.0 0.0 0.0 0.0
46 253 165.6470782000 0.0000000000 -8211.0253000000 1.0 0.0 0.0 0.0
1 253 104.4002200000 0.0000000000 -8211.0253000000 1.0 0.0 0.0 0.0
2 252 0.0000000000 0.0000000000 -8267.4255200000 1.0 0.0 0.0 0.0
2 252 0.0000000000 0.0000000000 -8154.6250800000 1.0 0.0 0.0 0.0
3 252 56.4002200000 0.0000000000 -8211.0253000000 1.0 0.0 0.0 0.0
0 258 0.0000000000 0.0000000000 -8068.2248600000 1.0 0.0 0.0 0.0
47 259 165.6470782000 0.0000000000 -8068.2248600000 1.0 0.0 0.0 0.0
1 259 104.4002200000 0.0000000000 -8068.2248600000 1.0 0.0 0.0 0.0
2 258 0.0000000000 0.0000000000 -8124.6250800000 1.0 0.0 0.0 0.0
2 258 0.0000000000 0.0000000000 -8011.8246400000 1.0 0.0 0.0 0.0
3 258 56.4002200000 0.0000000000 -8068.2248600000 1.0 0.0 0.0 0.0
0 264 0.0000000000 0.0000000000 -7925.4244200000 1.0 0.0 0.0 0.0
48 265 165.6470782000 0.0000000000 -7925.4244200000 1.0 0.0 0.0 0.0
1 265 104.4002200000 0.0000000000 -7925.4244200000 1.0 0.0 0.0 0.0
2 264 0.0000000000 0.0000000000 -7981.8246400000 1.0 0.0 0.0 0.0
2 264 0.0000000000 0.0000000000 -7869.0242000000 1.0 0.0 0.0 0.0
3 264 56.4002200000 0.0000000000 -7925.4244200000 1.0 0.0 0.0 0.0
0 270 0.0000000000 0.0000000000 -7782.6239800000 1.0 0.0 0.0 0.0
49 271 165.6470782000 0.0000000000 -7782.6239800000 1.0 0.0 0.0 0.0
1 271 104.4002200000 0.0000000000 -7782.6239800000 1.0 0.0 0.0 0.0
2 270 0.0000000000 0.0000000000 -7839.0242000000 1.0 0.0 0.0 0.0
2 270 0.0000000000 0.0000000000 -7726.2237600000 1.0 0.0 0.0 0.0
3 270 56.4002200000 0.0000000000 -7782.6239800000 1.0 0.0 0.0 0.0
0 276 0.0000000000 0.0000000000 -7639.8235400000 1.0 0.0 0.0 0.0
50 277 165.6470782000 0.0000000000 -7639.8235400000 1.0 0.0 0.0 0.0
1 277 104.4002200000 0.0000000000 -7639.8235400000 1.0 0.0 0.0 0.0
2 276 0.0000000000 0.0000000000 -7696.2237600000 1.0 0.0 0.0 0.0
2 276 0.0000000000 0.0000000000 -7583.4233200000 1.0 0.0 0.0 0.0
3 276 56.4002200000 0.0000000000 -7639.8235400000 1.0 0.0 0.0 0.0
0 282 0.0000000000 0.0000000000 -7497.0231000000 1.0 0.0 0.0 0.0
51 283 165.6470782000 0.0000000000 -7497.0231000000 1.0 0.0 0.0 0.0
1 283 104.4002200000 0.0000000000 -7497.0231000000 1.0 0.0 0.0 0.0
2 282 0.0000000000 0.0000000000 -7553.4233200000 1.0 0.0 0.0 0.0
2 282 0.0000000000 0.0000000000 -7440.6228800000 1.0 0.0 0.0 0.0
3 282 56.4002200000 0.0000000000 -7497.0231000000 1.0 0.0 0.0 0.0
0 288 0.0000000000 0.0000000000 -7354.2226600000 1.0 0.0 0.0 0.0
52 289 165.6470782000 0.0000000000 -7354.2226600000 1.0 0.0 0.0 0.0
1 289 104.4002200000 0.0000000000 -7354.2226600000 1.0 0.0 0.0 0.0
2 288 0.0000000000 0.0000000000 -7410.6228800000 1.0 0.0 0.0 0.0
2 288 0.0000000000 0.0000000000 -7297.8224400000 1.0 0.0 0.0 0.0
3 288 56.4002200000 0.0000000000 -7354.2226600000 1.0 0.0 0.0 0.0
0 294 0.0000000000 0.0000000000 -7211.4222200000 1.0 0.0 0.0 0.0
53 295 165.6470782000 0.0000000000 -7211.4222200000 1.0 0.0 0.0 0.0
1 295 104.4002200000 0.0000000000 -7211.4222200000 1.0 0.0 0.0 0.0
2 294 0.0000000000 0.0000000000 -7267.8224400000 1.0 0.0 0.0 0.0
2 294 0.0000000000 0.0000000000 -7155.0220000000 1.0 0.0 0.0 0.0
3 294 56.4002200000 0.0000000000 -7211.4222200000 1.0 0.0 0.0 0.0
0 300 0.0000000000 0.0000000000 -7068.6217800000 1.0 0.0 0.0 0.0
54 301 165.6470782000 0.0000000000 -7068.6217800000 1.0 0.0 0.0 0.0
1 301 104.4002200000 0.0000000000 -7068.6217800000 1.0 0.0 0.0 0.0
2 300 0.0000000000 0.0000000000 -7125.0220000000 1.0 0.0 0.0 0.0
2 300 0.0000000000 0.0000000000 -7012.2215600000 1.0 0.0 0.0 0.0
3 300 56.4002200000 0.0000000000 -7068.6217800000 1.0 0.0 0.0 0.0
0 306 0.0000000000 0.0000000000 -6925.8213400000 1.0 0.0 0.0 0.0
55 307 165.6470782000 0.0000000000 -6925.8213400000 1.0 0.0 0.0 0.0
1 307 104.4002200000 0.0000000000 -6925.8213400000 1.0 0.0 0.0 0.0
2 306 0.0000000000 0.0000000000 -6982.2215600000 1.0 0.0 0.0 0.0
2 306 0.0000000000 0.0000000000 -6869.4211200000 1.0 0.0 0.0 0.0
3 306 56.4002200000 0.0000000000 -6925.8213400000 1.0 0.0 0.0 0.0
0 312 0.0000000000 0.0000000000 -6783.0209000000 1.0 0.0 0.0 0.0
56 313 165.6470782000 0.0000000000 -6783.0209000000 1.0 0.0 0.0 0.0
1 313 104.4002200000 0.0000000000 -6783.0209000000 1.0 0.0 0.0 0.0
2 312 0.0000000000 0.0000000000 -6839.4211200000 1.0 0.0 0.0 0.0
2 312 0.0000000000 0.0000000000 -6726.6206800000 1.0 0.0 0.0 0.0
3 312 56.4002200000 0.0000000000 -6783.0209000000 1.0 0.0 0.0 0.0
0 318 0.0000000000 0.0000000000 -6640.2204600000 1.0 0.0 0.0 0.0
57 319 165.6470782000 0.0000000000 -6640.2204600000 1.0 0.0 0.0 0.0
1 319 104.4002200000 0.0000000000 -6640.2204600000 1.0 0.0 0.0 0.0
2 318 0.0000000000 0.0000000000 -6696.6206800000 1.0 0.0 0.0 0.0
2 318 0.0000000000 0.0000000000 -6583.8202400000 1.0 0.0 0.0 0.0
3 318 56.4002200000 0.0000000000 -6640.2204600000 1.0 0.0 0.0 0.0
0 324 0.0000000000 0.0000000000 -6497.4200200000 1.0 0.0 0.0 0.0
58 325 165.6470782000 0.0000000000 -6497.4200200000 1.0 0.0 0.0 0.0
1 325 104.4002200000 0.0000000000 -6497.4200200000 1.0 0.0 0.0 0.0
2 324 0.0000000000 0.0000000000 -6553.8202400000 1.0 0.0 0.0 0.0
2 324 0.0000000000 0.0000000000 -6441.0198000000 1.0 0.0 0.0 0.0
3 324 56.4002200000 0.0000000000 -6497.4200200000 1.0 0.0 0.0 0.0
0 330 0.0000000000 0.0000000000 -6354.6195800000 1.0 0.0 0.0 0.0
59 331 165.6470782000 0.0000000000 -6354.6195800000 1.0 0.0 0.0 0.0
1 331 104.4002200000 0.0000000000 -6354.6195800000 1.0 0.0 0.0 0.0
2 330 0.0000000000 0.0000000000 -6411.0198000000 1.0 0.0 0.0 0.0
2 330 0.0000000000 0.0000000000 -6298.2193600000 1.0 0.0 0.0 0.0
3 330 56.4002200000 0.0000000000 -6354.6195800000 1.0 0.0 0.0 0.0
0 336 0.0000000000 0.0000000000 -6211.8191400000 1.0 0.0 0.0 0.0
60 337 165.6470782000 0.0000000000 -6211.8191400000 1.0 0.0 0.0 0.0
1 337 104.4002200000 0.0000000000 -6211.8191400000 1.0 0.0 0.0 0.0
2 336 0.0000000000 0.0000000000 -6268.2193600000 1.0 0.0 0.0 0.0
2 336 0.0000000000 0.0000000000 -6155.4189200000 1.0 0.0 0.0 0.0
3 336 56.4002200000 0.0000000000 -6211.8191400000 1.0 0.0 0.0 0.0
0 342 0.0000000000 0.0000000000 -6069.0187000000 1.0 0.0 0.0 0.0
61 343 165.6470782000 0.0000000000 -6069.0187000000 1.0 0.0 0.0 0.0
1 343 104.4002200000 0.0000000000 -6069.0187000000 1.0 0.0 0.0 0.0
2 342 0.0000000000 0.0000000000 -6125.4189200000 1.0 0.0 0.0 0.0
2 342 0.0000000000 0.0000000000 -6012.6184800000 1.0 0.0 0.0 0.0
3 342 56.4002200000 0.0000000000 -6069.0187000000 1.0 0.0 0.0 0.0
0 348 0.0000000000 0.0000000000 -5926.2182600000 1.0 0.0 0.0 0.0
62 349 165.6470782000 0.0000000000 -5926.2182600000 1.0 0.0 0.0 0.0
1 349 104.4002200000 0.0000000000 -5926.2182600000 1.0 0.0 0.0 0.0
2 348 0.0000000000 0.0000000000 -5982.6184800000 1.0 0.0 0.0 0.0
2 348 0.0000000000 0.0000000000 -5869.8180400000 1.0 0.0 0.0 0.0
3 348 56.4002200000 0.0000000000 -5926.2182600000 1.0 0.0 0.0 0.0
0 354 0.0000000000 0.0000000000 -5783.4178200000 1.0 0.0 0.0 0.0
63 355 165.6470782000 0.0000000000 -5783.4178200000 1.0 0.0 0.0 0.0
1 355 104.4002200000 0.0000000000 -5783.4178200000 1.0 0.0 0.0 0.0
2 354 0.0000000000 0.0000000000 -5839.8180400000 1.0 0.0 0.0 0.0
2 354 0.0000000000 0.0000000000 -5727.0176000000 1.0 0.0 0.0 0.0
3 354 56.4002200000 0.0000000000 -5783.4178200000 1.0 0.0 0.0 0.0
0 360 0.0000000000 0.0000000000 -5640.6173800000 1.0 0.0 0.0 0.0
64 361 165.6470782000 0.0000000000 -5640.6173800000 1.0 0.0 0.0 0.0
1 361 104.4002200000 0.0000000000 -5640.6173800000 1.0 0.0 0.0 0.0
2 360 0.0000000000 0.0000000000 -5697.0176000000 1.0 0.0 0.0 0.0
2 360 0.0000000000 0.0000000000 -5584.2171600000 1.0 0.0 0.0 0.0
3 360 56.4002200000 0.0000000000 -5640.6173800000 1.0 0.0 0.0 0.0
0 366 0.0000000000 0.0000000000 -5497.8169400000 1.0 0.0 0.0 0.0
65 367 165.6470782000 0.0000000000 -5497.8169400000 1.0 0.0 0.0 0.0
1 367 104.4002200000 0.0000000000 -5497.8169400000 1.0 0.0 0.0 0.0
2 366 0.0000000000 0.0000000000 -5554.2171600000 1.0 0.0 0.0 0.0
2 366 0.0000000000 0.0000000000 -5441.4167200000 1.0 0.0 0.0 0.0
3 366 56.4002200000 0.0000000000 -5497.8169400000 1.0 0.0 0.0 0.0
0 372 0.0000000000 0.0000000000 -5355.0165000000 1.0 0.0 0.0 0.0
66 373 165.6470782000 0.0000000000 -5355.0165000000 1.0 0.0 0.0 0.0
1 373 104.4002200000 0.0000000000 -5355.0165000000 1.0 0.0 0.0 0.0
2 372 0.0000000000 0.0000000000 -5411.4167200000 1.0 0.0 0.0 0.0
2 372 0.0000000000 0.0000000000 -5298.6162800000 1.0 0.0 0.0 0.0
3 372 56.4002200000 0.0000000000 -5355.0165000000 1.0 0.0 0.0 0.0
0 378 0.0000000000 0.0000000000 -5212.2160600000 1.0 0.0 0.0 0.0
67 379 165.6470782000 0.0000000000 -5212.2160600000 1.0 0.0 0.0 0.0
1 379 104.4002200000 0.0000000000 -5212.2160600000 1.0 0.0 0.0 0.0
2 378 0.0000000000 0.0000000000 -5268.6162800000 1.0 0.0 0.0 0.0
2 378 0.0000000000 0.0000000000 -5155.8158400000 1.0 0.0 0.0 0.0
3 378 56.4002200000 0.0000000000 -5212.2160600000 1.0 0.0 0.0 0.0
0 384 0.0000000000 0.0000000000 -5069.4156200000 1.0 0.0 0.0 0.0
68 385 165.6470782000 0.0000000000 -5069.4156200000 1.0 0.0 0.0 0.0
1 385 104.4002200000 0.0000000000 -5069.4156200000 1.0 0.0 0.0 0.0
2 384 0.0000000000 0.0000000000 -5125.8158400000 1.0 0.0 0.0 0.0
2 384 0.0000000000 0.0000000000 -5013.0154000000 1.0 0.0 0.0 0.0
3 384 56.4002200000 0.0000000000 -5069.4156200000 1.0 0.0 0.0 0.0
0 390 0.0000000000 0.0000000000 -4926.6151800000 1.0 0.0 0.0 0.0
69 391 165.6470782000 0.0000000000 -4926.6151800000 1.0 0.0 0.0 0.0
1 391 104.4002200000 0.0000000000 -4926.6151800000 1.0 0.0 0.0 0.0
2 390 0.0000000000 0.0000000000 -4983.0154000000 1.0 0.0 0.0 0.0
2 390 0.0000000000 0.0000000000 -4870.2149600000 1.0 0.0 0.0 0.0
3 390 56.4002200000 0.0000000000 -4926.6151800000 1.0 0.0 0.0 0.0
0 396 0.0000000000 0.0000000000 -4783.8147400000 1.0 0.0 0.0 0.0
70 397 165.6470782000 0.0000000000 -4783.8147400000 1.0 0.0 0.0 0.0
1 397 104.4002200000 0.0000000000 -4783.8147400000 1.0 0.0 0.0 0.0
2 396 0.0000000000 0.0000000000 -4840.2149600000 1.0 0.0 0.0 0.0
2 396 0.0000000000 0.0000000000 -4727.4145200000 1.0 0.0 0.0 0.0
3 396 56.4002200000 0.0000000000 -4783.8147400000 1.0 0.0 0.0 0.0
0 402 0.0000000000 0.0000000000 -4641.0143000000 1.0 0.0 0.0 0.0
71 403 165.6470782000 0.0000000000 -4641.0143000000 1.0 0.0 0.0 0.0
1 403 104.4002200000 0.0000000000 -4641.0143000000 1.0 0.0 0.0 0.0
2 402 0.0000000000 0.0000000000 -4697.4145200000 1.0 0.0 0.0 0.0
2 402 0.0000000000 0.0000000000 -4584.6140800000 1.0 0.0 0.0 0.0
3 402 56.4002200000 0.0000000000 -4641.0143000000 1.0 0.0 0.0 0.0
0 408 0.0000000000 0.0000000000 -4498.2138600000 1.0 0.0 0.0 0.0
72 409 165.6470782000 0.0000000000 -4498.2138600000 1.0 0.0 0.0 0.0
1 409 104.4002200000 0.0000000000 -4498.2138600000 1.0 0.0 0.0 0.0
2 408 0.0000000000 0.0000000000 -4554.6140800000 1.0 0.0 0.0 0.0
2 408 0.0000000000 0.0000000000 -4441.8136400000 1.0 0.0 0.0 0.0
3 408 56.4002200000 0.0000000000 -4498.2138600000 1.0 0.0 0.0 0.0
0 414 0.0000000000 0.0000000000 -4355.4134200000 1.0 0.0 0.0 0.0
73 415 165.6470782000 0.0000000000 -4355.4134200000 1.0 0.0 0.0 0.0
1 415 104.4002200000 0.0000000000 -4355.4134200000 1.0 0.0 0.0 0.0
2 414 0.0000000000 0.0000000000 -4411.8136400000 1.0 0.0 0.0 0.0
2 414 0.0000000000 0.0000000000 -4299.0132000000 1.0 0.0 0.0 0.0
3 414 56.4002200000 0.0000000000 -4355.4134200000 1.0 0.0 0.0 0.0
0 420 0.0000000000 0.0000000000 -4212.6129800000 1.0 0.0 0.0 0.0
74 421 165.6470782000 0.0000000000 -4212.6129800000 1.0 0.0 0.0 0.0
1 421 104.4002200000 0.0000000000 -4212.6129800000 1.0 0.0 0.0 0.0
2 420 0.0000000000 0.0000000000 -4269.0132000000 1.0 0.0 0.0 0.0
2 420 0.0000000000 0.0000000000 -4156.2127600000 1.0 0.0 0.0 0.0
3 420 56.4002200000 0.0000000000 -4212.6129800000 1.0 0.0 0.0 0.0
0 426 0.0000000000 0.0000000000 -4069.8125400000 1.0 0.0 0.0 0.0
75 427 165.6470782000 0.0000000000 -4069.8125400000 1.0 0.0 0.0 0.0
1 427 104.4002200000 0.0000000000 -4069.8125400000 1.0 0.0 0.0 0.0
2 426 0.0000000000 0.0000000000 -4126.2127600000 1.0 0.0 0.0 0.0
2 426 0.0000000000 0.0000000000 -4013.4123200000 1.0 0.0 0.0 0.0
3 426 56.4002200000 0.0000000000 -4069.8125400000 1.0 0.0 0.0 0.0
0 432 0.0000000000 0.0000000000 -3927.0121000000 1.0 0.0 0.0 0.0
76 433 165.6470782000 0.0000000000 -3927.0121000000 1.0 0.0 0.0 0.0
1 433 104.4002200000 0.0000000000 -3927.0121000000 1.0 0.0 0.0 0.0
2 432 0.0000000000 0.0000000000 -3983.4123200000 1.0 0.0 0.0 0.0
2 432 0.0000000000 0.0000000000 -3870.6118800000 1.0 0.0 0.0 0.0
3 432 56.4002200000 0.0000000000 -3927.0121000000 1.0 0.0 0.0 0.0
0 438 0.0000000000 0.0000000000 -3784.2116600000 1.0 0.0 0.0 0.0
77 439 165.6470782000 0.0000000000 -3784.2116600000 1.0 0.0 0.0 0.0
1 439 104.4002200000 0.0000000000 -3784.2116600000 1.0 0.0 0.0 0.0
2 438 0.0000000000 0.0000000000 -3840.6118800000 1.0 0.0 0.0 0.0
2 438 0.0000000000 0.0000000000 -3727.8114400000 1.0 0.0 0.0 0.0
3 438 56.4002200000 0.0000000000 -3784.2116600000 1.0 0.0 0.0 0.0
0 444 0.0000000000 0.0000000000 -3641.4112200000 1.0 0.0 0.0 0.0
78 445 165.6470782000 0.0000000000 -3641.4112200000 1.0 0.0 0.0 0.0
1 445 104.4002200000 0.0000000000 -3641.4112200000 1.0 0.0 0.0 0.0
2 444 0.0000000000 0.0000000000 -3697.8114400000 1.0 0.0 0.0 0.0
2 444 0.0000000000 0.0000000000 -3585.0110000000 1.0 0.0 0.0 0.0
3 444 56.4002200000 0.0000000000 -3641.4112200000 1.0 0.0 0.0 0.0
0 450 0.0000000000 0.0000000000 -3498.6107800000 1.0 0.0 0.0 0.0
79 451 165.6470782000 0.0000000000 -3498.6107800000 1.0 0.0 0.0 0.0
1 451 104.4002200000 0.0000000000 -3498.6107800000 1.0 0.0 0.0 0.0
2 450 0.0000000000 0.0000000000 -3555.0110000000 1.0 0.0 0.0 0.0
2 450 0.0000000000 0.0000000000 -3442.2105600000 1.0 0.0 0.0 0.0
3 450 56.4002200000 0.0000000000 -3498.6107800000 1.0 0.0 0.0 0.0
0 456 0.0000000000 0.0000000000 -3355.8103400000 1.0 0.0 0.0 0.0
80 457 165.6470782000 0.0000000000 -3355.8103400000 1.0 0.0 0.0 0.0
1 457 104.4002200000 0.0000000000 -3355.8103400000 1.0 0.0 0.0 0.0
2 456 0.0000000000 0.0000000000 -3412.2105600000 1.0 0.0 0.0 0.0
2 456 0.0000000000 0.0000000000 -3299.4101200000 1.0 0.0 0.0 0.0
3 456 56.4002200000 0.0000000000 -3355.8103400000 1.0 0.0 0.0 0.0
0 462 0.0000000000 0.0000000000 -3213.0099000000 1.0 0.0 0.0 0.0
81 463 165.6470782000 0.0000000000 -3213.0099000000 1.0 0.0 0.0 0.0
1 463 104.4002200000 0.0000000000 -3213.0099000000 1.0 0.0 0.0 0.0
2 462 0.0000000000 0.0000000000 -3269.4101200000 1.0 0.0 0.0 0.0
2 462 0.0000000000 0.0000000000 -3156.6096800000 1.0 0.0 0.0 0.0
3 462 56.4002200000 0.0000000000 -3213.0099000000 1.0 0.0 0.0 0.0
0 468 0.0000000000 0.0000000000 -3070.2094600000 1.0 0.0 0.0 0.0
82 469 165.6470782000 0.0000000000 -3070.2094600000 1.0 0.0 0.0 0.0
1 469 104.4002200000 0.0000000000 -3070.2094600000 1.0 0.0 0.0 0.0
2 468 0.0000000000 0.0000000000 -3126.6096800000 1.0 0.0 0.0 0.0
2 468 0.0000000000 0.0000000000 -3013.8092400000 1.0 0.0 0.0 0.0
3 468 56.4002200000 0.0000000000 -3070.2094600000 1.0 0.0 0.0 0.0
0 474 0.0000000000 0.0000000000 -2927.4090200000 1.0 0.0 0.0 0.0
83 475 165.6470782000 0.0000000000 -2927.4090200000 1.0 0.0 0.0 0.0
1 475 104.4002200000 0.0000000000 -2927.4090200000 1.0 0.0 0.0 0.0
2 474 0.0000000000 0.0000000000 -2983.8092400000 1.0 0.0 0.0 0.0
2 474 0.0000000000 0.0000000000 -2871.0088000000 1.0 0.0 0.0 0.0
3 474 56.4002200000 0.0000000000 -2927.4090200000 1.0 0.0 0.0 0.0
0 480 0.0000000000 0.0000000000 -2784.6085800000 1.0 0.0 0.0 0.0
84 481 165.6470782000 0.0000000000 -2784.6085800000 1.0 0.0 0.0 0.0
1 481 104.4002200000 0.0000000000 -2784.6085800000 1.0 0.0 0.0 0.0
2 480 0.0000000000 0.0000000000 -2841.0088000000 1.0 0.0 0.0 0.0
2 480 0.0000000000 0.0000000000 -2728.2083600000 1.0 0.0 0.0 0.0
3 480 56.4002200000 0.0000000000 -2784.6085800000 1.0 0.0 0.0 0.0
0 486 0.0000000000 0.0000000000 -2641.8081400000 1.0 0.0 0.0 0.0
85 487 165.6470782000 0.0000000000 -2641.8081400000 1.0 0.0 0.0 0.0
1 487 104.4002200000 0.0000000000 -2641.8081400000 1.0 0.0 0.0 0.0
2 486 0.0000000000 0.0000000000 -2698.2083600000 1.0 0.0 0.0 0.0
2 486 0.0000000000 0.0000000000 -2585.4079200000 1.0 0.0 0.0 0.0
3 486 56.4002200000 0.0000000000 -2641.8081400000 1.0 0.0 0.0 0.0
0 492 0.0000000000 0.0000000000 -2499.0077000000 1.0 0.0 0.0 0.0
86 493 165.6470782000 0.0000000000 -2499.0077000000 1.0 0.0 0.0 0.0
1 493 104.4002200000 0.0000000000 -2499.0077000000 1.0 0.0 0.0 0.0
2 492 0.0000000000 0.0000000000 -2555.4079200000 1.0 0.0 0.0 0.0
2 492 0.0000000000 0.0000000000 -2442.6074800000 1.0 0.0 0.0 0.0
3 492 56.4002200000 0.0000000000 -2499.0077000000 1.0 0.0 0.0 0.0
0 498 0.0000000000 0.0000000000 -2356.2072600000 1.0 0.0 0.0 0.0
87 499 165.6470782000 0.0000000000 -2356.2072600000 1.0 0.0 0.0 0.0
1 499 104.4002200000 0.0000000000 -2356.2072600000 1.0 0.0 0.0 0.0
2 498 0.0000000000 0.0000000000 -2412.6074800000 1.0 0.0 0.0 0.0
2 498 0.0000000000 0.0000000000 -2299.8070400000 1.0 0.0 0.0 0.0
3 498 56.4002200000 0.0000000000 -2356.2072600000 1.0 0.0 0.0 0.0
0 504 0.0000000000 0.0000000000 -2213.4068200000 1.0 0.0 0.0 0.0
88 505 165.6470782000 0.0000000000 -2213.4068200000 1.0 0.0 0.0 0.0
1 505 104.4002200000 0.0000000000 -2213.4068200000 1.0 0.0 0.0 0.0
2 504 0.0000000000 0.0000000000 -2269.8070400000 1.0 0.0 0.0 0.0
2 504 0.0000000000 0.0000000000 -2157.0066000000 1.0 0.0 0.0 0.0
3 504 56.4002200000 0.0000000000 -2213.4068200000 1.0 0.0 0.0 0.0
0 510 0.0000000000 0.0000000000 -2070.6063800000 1.0 0.0 0.0 0.0
89 511 165.6470782000 0.0000000000 -2070.6063800000 1.0 0.0 0.0 0.0
1 511 104.4002200000 0.0000000000 -2070.6063800000 1.0 0.0 0.0 0.0
2 510 0.0000000000 0.0000000000 -2127.0066000000 1.0 0.0 0.0 0.0
2 510 0.0000000000 0.0000000000 -2014.2061600000 1.0 0.0 0.0 0.0
3 510 56.4002200000 0.0000000000 -2070.6063800000 1.0 0.0 0.0 0.0
0 516 0.0000000000 0.0000000000 -1927.8059400000 1.0 0.0 0.0 0.0
90 517 165.6470782000 0.0000000000 -1927.8059400000 1.0 0.0 0.0 0.0
1 517 104.4002200000 0.0000000000 -1927.8059400000 1.0 0.0 0.0 0.0
2 516 0.0000000000 0.0000000000 -1984.2061600000 1.0 0.0 0.0 0.0
2 516 0.0000000000 0.0000000000 -1871.4057200000 1.0 0.0 0.0 0.0
3 516 56.4002200000 0.0000000000 -1927.8059400000 1.0 0.0 0.0 0.0
0 522 0.0000000000 0.0000000000 -1785.0055000000 1.0 0.0 0.0 0.0
91 523 165.6470782000 0.0000000000 -1785.0055000000 1.0 0.0 0.0 0.0
1 523 104.4002200000 0.0000000000 -1785.0055000000 1.0 0.0 0.0 0.0
2 522 0.0000000000 0.0000000000 -1841.4057200000 1.0 0.0 0.0 0.0
2 522 0.0000000000 0.0000000000 -1728.6052800000 1.0 0.0 0.0 0.0
3 522 56.4002200000 0.0000000000 -1785.0055000000 1.0 0.0 0.0 0.0
0 528 0.0000000000 0.0000000000 -1642.2050600000 1.0 0.0 0.0 0.0
92 529 165.6470782000 0.0000000000 -1642.2050600000 1.0 0.0 0.0 0.0
1 529 104.4002200000 0.0000000000 -1642.2050600000 1.0 0.0 0.0 0.0
2 528 0.0000000000 0.0000000000 -1698.6052800000 1.0 0.0 0.0 0.0
2 528 0.0000000000 0.0000000000 -1585.8048400000 1.0 0.0 0.0 0.0
3 528 56.4002200000 0.0000000000 -1642.2050600000 1.0 0.0 0.0 0.0
0 534 0.0000000000 0.0000000000 -1499.4046200000 1.0 0.0 0.0 0.0
93 535 165.6470782000 0.0000000000 -1499.4046200000 1.0 0.0 0.0 0.0
1 535 104.4002200000 0.0000000000 -1499.4046200000 1.0 0.0 0.0 0.0
2 534 0.0000000000 0.0000000000 -1555.8048400000 1.0 0.0 0.0 0.0
2 534 0.0000000000 0.0000000000 -1443.0044000000 1.0 0.0 0.0 0.0
3 534 56.4002200000 0.0000000000 -1499.4046200000 1.0 0.0 0.0 0.0
0 540 0.0000000000 0.0000000000 -1356.6041800000 1.0 0.0 0.0 0.0
94 541 165.6470782000 0.0000000000 -1356.6041800000 1.0 0.0 0.0 0.0
1 541 104.4002200000 0.0000000000 -1356.6041800000 1.0 0.0 0.0 0.0
2 540 0.0000000000 0.0000000000 -1413.0044000000 1.0 0.0 0.0 0.0
2 540 0.0000000000 0.0000000000 -1300.2039600000 1.0 0.0 0.0 0.0
3 540 56.4002200000 0.0000000000 -1356.6041800000 1.0 0.0 0.0 0.0
0 546 0.0000000000 0.0000000000 -1213.8037400000 1.0 0.0 0.0 0.0
95 547 165.6470782000 0.0000000000 -1213.8037400000 1.0 0.0 0.0 0.0
1 547 104.4002200000 0.0000000000 -1213.8037400000 1.0 0.0 0.0 0.0
2 546 0.0000000000 0.0000000000 -1270.2039600000 1.0 0.0 0.0 0.0
2 546 0.0000000000 0.0000000000 -1157.4035200000 1.0 0.0 0.0 0.0
3 546 56.4002200000 0.0000000000 -1213.8037400000 1.0 0.0 0.0 0.0
0 552 0.0000000000 0.0000000000 -1071.0033000000 1.0 0.0 0.0 0.0
96 553 165.6470782000 0.0000000000 -1071.0033000000 1.0 0.0 0.0 0.0
1 553 104.4002200000 0.0000000000 -1071.0033000000 1.0 0.0 0.0 0.0
2 552 0.0000000000 0.0000000000 -1127.4035200000 1.0 0.0 0.0 0.0
2 552 0.0000000000 0.0000000000 -1014.6030800000 1.0 0.0 0.0 0.0
3 552 56.4002200000 0.0000000000 -1071.0033000000 1.0 0.0 0.0 0.0
0 558 0.0000000000 0.0000000000 -928.2028600000 1.0 0.0 0.0 0.0
97 559 165.6470782000 0.0000000000 -928.2028600000 1.0 0.0 0.0 0.0
1 559 104.4002200000 0.0000000000 -928.2028600000 1.0 0.0 0.0 0.0
2 558 0.0000000000 0.0000000000 -984.6030800000 1.0 0.0 0.0 0.0
2 558 0.0000000000 0.0000000000 -871.8026400000 1.0 0.0 0.0 0.0
3 558 56.4002200000 0.0000000000 -928.2028600000 1.0 0.0 0.0 0.0
0 564 0.0000000000 0.0000000000 -785.4024200000 1.0 0.0 0.0 0.0
98 565 165.6470782000 0.0000000000 -785.4024200000 1.0 0.0 0.0 0.0
1 565 104.4002200000 0.0000000000 -785.4024200000 1.0 0.0 0.0 0.0
2 564 0.0000000000 0.0000000000 -841.8026400000 1.0 0.0 0.0 0.0
2 564 0.0000000000 0.0000000000 -729.0022000000 1.0 0.0 0.0 0.0
3 564 56.4002200000 0.0000000000 -785.4024200000 1.0 0.0 0.0 0.0
0 570 0.0000000000 0.0000000000 -642.6019800000 1.0 0.0 0.0 0.0
99 571 165.6470782000 0.0000000000 -642.6019800000 1.0 0.0 0.0 0.0
1 571 104.4002200000 0.0000000000 -642.6019800000 1.0 0.0 0.0 0.0
2 570 0.0000000000 0.0000000000 -699.0022000000 1.0 0.0 0.0 0.0
2 570 0.0000000000 0.0000000000 -586.2017600000 1.0 0.0 0.0 0.0
3 570 56.4002200000 0.0000000000 -642.6019800000 1.0 0.0 0.0 0.0
0 576 0.0000000000 0.0000000000 -499.8015400000 1.0 0.0 0.0 0.0
100 577 165.6470782000 0.0000000000 -499.8015400000 1.0 0.0 0.0 0.0
1 577 104.4002200000 0.0000000000 -499.8015400000 1.0 0.0 0.0 0.0
2 576 0.0000000000 0.0000000000 -556.2017600000 1.0 0.0 0.0 0.0
2 576 0.0000000000 0.0000000000 -443.4013200000 1.0 0.0 0.0 0.0
3 576 56.4002200000 0.0000000000 -499.8015400000 1.0 0.0 0.0 0.0
0 582 0.0000000000 0.0000000000 -357.0011000000 1.0 0.0 0.0 0.0
101 583 165.6470782000 0.0000000000 -357.0011000000 1.0 0.0 0.0 0.0
1 583 104.4002200000 0.0000000000 -357.0011000000 1.0 0.0 0.0 0.0
2 582 0.0000000000 0.0000000000 -413.4013200000 1.0 0.0 0.0 0.0
2 582 0.0000000000 0.0000000000 -300.6008800000 1.0 0.0 0.0 0.0
3 582 56.4002200000 0.0000000000 -357.0011000000 1.0 0.0 0.0 0.0
0 588 0.0000000000 0.0000000000 -214.2006600000 1.0 0.0 0.0 0.0
102 589 165.6470782000 0.0000000000 -214.2006600000 1.0 0.0 0.0 0.0
1 589 104.4002200000 0.0000000000 -214.2006600000 1.0 0.0 0.0 0.0
2 588 0.0000000000 0.0000000000 -270.6008800000 1.0 0.0 0.0 0.0
2 588 0.0000000000 0.0000000000 -157.8004400000 1.0 0.0 0.0 0.0
3 588 56.4002200000 0.0000000000 -214.2006600000 1.0 0.0 0.0 0.0
0 594 0.0000000000 0.0000000000 -71.4002200000 1.0 0.0 0.0 0.0
103 595 165.6470782000 0.0000000000 -71.4002200000 1.0 0.0 0.0 0.0
1 595 104.4002200000 0.0000000000 -71.4002200000 1.0 0.0 0.0 0.0
2 594 0.0000000000 0.0000000000 -127.8004400000 1.0 0.0 0.0 0.0
2 594 0.0000000000 0.0000000000 -15.0000000000 1.0 0.0 0.0 0.0
3 594 56.4002200000 0.0000000000 -71.4002200000 1.0 0.0 0.0 0.0
0 600 0.0000000000 0.0000000000 71.4002200000 1.0 0.0 0.0 0.0
104 601 165.6470782000 0.0000000000 71.4002200000 1.0 0.0 0.0 0.0
1 601 104.4002200000 0.0000000000 71.4002200000 1.0 0.0 0.0 0.0
2 600 0.0000000000 0.0000000000 15.0000000000 1.0 0.0 0.0 0.0
2 600 0.0000000000 0.0000000000 127.8004400000 1.0 0.0 0.0 0.0
3 600 56.4002200000 0.0000000000 71.4002200000 1.0 0.0 0.0 0.0
0 606 0.0000000000 0.0000000000 214.2006600000 1.0 0.0 0.0 0.0
105 607 165.6470782000 0.0000000000 214.2006600000 1.0 0.0 0.0 0.0
1 607 104.4002200000 0.0000000000 214.2006600000 1.0 0.0 0.0 0.0
2 606 0.0000000000 0.0000000000 157.8004400000 1.0 0.0 0.0 0.0
2 606 0.0000000000 0.0000000000 270.6008800000 1.0 0.0 0.0 0.0
3 606 56.4002200000 0.0000000000 214.2006600000 1.0 0.0 0.0 0.0
0 612 0.0000000000 0.0000000000 357.0011000000 1.0 0.0 0.0 0.0
106 613 165.6470782000 0.0000000000 357.0011000000 1.0 0.0 0.0 0.0
1 613 104.4002200000 0.0000000000 357.0011000000 1.0 0.0 0.0 0.0
2 612 0.0000000000 0.0000000000 300.6008800000 1.0 0.0 0.0 0.0
2 612 0.0000000000 0.0000000000 413.4013200000 1.0 0.0 0.0 0.0
3 612 56.4002200000 0.0000000000 357.0011000000 1.0 0.0 0.0 0.0
0 618 0.0000000000 0.0000000000 499.8015400000 1.0 0.0 0.0 0.0
107 619 165.6470782000 0.0000000000 499.8015400000 1.0 0.0 0.0 0.0
1 619 104.4002200000 0.0000000000 499.8015400000 1.0 0.0 0.0 0.0
2 618 0.0000000000 0.0000000000 443.4013200000 1.0 0.0 0.0 0.0
2 618 0.0000000000 0.0000000000 556.2017600000 1.0 0.0 0.0 0.0
3 618 56.4002200000 0.0000000000 499.8015400000 1.0 0.0 0.0 0.0
0 624 0.0000000000 0.0000000000 642.6019800000 1.0 0.0 0.0 0.0
108 625 165.6470782000 0.0000000000 642.6019800000 1.0 0.0 0.0 0.0
1 625 104.4002200000 0.0000000000 642.6019800000 1.0 0.0 0.0 0.0
2 624 0.0000000000 0.0000000000 586.2017600000 1.0 0.0 0.0 0.0
2 624 0.0000000000 0.0000000000 699.0022000000 1.0 0.0 0.0 0.0
3 624 56.4002200000 0.0000000000 642.6019800000 1.0 0.0 0.0 0.0
0 630 0.0000000000 0.0000000000 785.4024200000 1.0 0.0 0.0 0.0
109 631 165.6470782000 0.0000000000 785.4024200000 1.0 0.0 0.0 0.0
1 631 104.4002200000 0.0000000000 785.4024200000 1.0 0.0 0.0 0.0
2 630 0.0000000000 0.0000000000 729.0022000000 1.0 0.0 0.0 0.0
2 630 0.0000000000 0.0000000000 841.8026400000 1.0 0.0 0.0 0.0
3 630 56.4002200000 0.0000000000 785.4024200000 1.0 0.0 0.0 0.0
0 636 0.0000000000 0.0000000000 928.2028600000 1.0 0.0 0.0 0.0
110 637 165.6470782000 0.0000000000 928.2028600000 1.0 0.0 0.0 0.0
1 637 104.4002200000 0.0000000000 928.2028600000 1.0 0.0 0.0 0.0
2 636 0.0000000000 0.0000000000 871.8026400000 1.0 0.0 0.0 0.0
2 636 0.0000000000 0.0000000000 984.6030800000 1.0 0.0 0.0 0.0
3 636 56.4002200000 0.0000000000 928.2028600000 1.0 0.0 0.0 0.0
0 642 0.0000000000 0.0000000000 1071.0033000000 1.0 0.0 0.0 0.0
111 643 165.6470782000 0.0000000000 1071.0033000000 1.0 0.0 0.0 0.0
1 643 104.4002200000 0.0000000000 1071.0033000000 1.0 0.0 0.0 0.0
2 642 0.0000000000 0.0000000000 1014.6030800000 1.0 0.0 0.0 0.0
2 642 0.0000000000 0.0000000000 1127.4035200000 1.0 0.0 0.0 0.0
3 642 56.4002200000 0.0000000000 1071.0033000000 1.0 0.0 0.0 0.0
0 648 0.0000000000 0.0000000000 1213.8037400000 1.0 0.0 0.0 0.0
112 649 165.6470782000 0.0000000000 1213.8037400000 1.0 0.0 0.0 0.0
1 649 104.4002200000 0.0000000000 1213.8037400000 1.0 0.0 0.0 0.0
2 648 0.0000000000 0.0000000000 1157.4035200000 1.0 0.0 0.0 0.0
2 648 0.0000000000 0.0000000000 1270.2039600000 1.0 0.0 0.0 0.0
3 648 56.4002200000 0.0000000000 1213.8037400000 1.0 0.0 0.0 0.0
0 654 0.0000000000 0.0000000000 1356.6041800000 1.0 0.0 0.0 0.0
113 655 165.6470782000 0.0000000000 1356.6041800000 1.0 0.0 0.0 0.0
1 655 104.4002200000 0.0000000000 1356.6041800000 1.0 0.0 0.0 0.0
2 654 0.0000000000 0.0000000000 1300.2039600000 1.0 0.0 0.0 0.0
2 654 0.0000000000 0.0000000000 1413.0044000000 1.0 0.0 0.0 0.0
3 654 56.4002200000 0.0000000000 1356.6041800000 1.0 0.0 0.0 0.0
0 660 0.0000000000 0.0000000000 1499.4046200000 1.0 0.0 0.0 0.0
114 661 165.6470782000 0.0000000000 1499.4046200000 1.0 0.0 0.0 0.0
1 661 104.4002200000 0.0000000000 1499.4046200000 1.0 0.0 0.0 0.0
2 660 0.0000000000 0.0000000000 1443.0044000000 1.0 0.0 0.0 0.0
2 660 0.0000000000 0.0000000000 1555.8048400000 1.0 0.0 0.0 0.0
3 660 56.4002200000 0.0000000000 1499.4046200000 1.0 0.0 0.0 0.0
0 666 0.0000000000 0.0000000000 1642.2050600000 1.0 0.0 0.0 0.0
115 667 165.6470782000 0.0000000000 1642.2050600000 1.0 0.0 0.0 0.0
1 667 104.4002200000 0.0000000000 1642.2050600000 1.0 0.0 0.0 0.0
2 666 0.0000000000 0.0000000000 1585.8048400000 1.0 0.0 0.0 0.0
2 666 0.0000000000 0.0000000000 1698.6052800000 1.0 0.0 0.0 0.0
3 666 56.4002200000 0.0000000000 1642.2050600000 1.0 0.0 0.0 0.0
0 672 0.0000000000 0.0000000000 1785.0055000000 1.0 0.0 0.0 0.0
116 673 165.6470782000 0.0000000000 1785.0055000000 1.0 0.0 0.0 0.0
1 673 104.4002200000 0.0000000000 1785.0055000000 1.0 0.0 0.0 0.0
2 672 0.0000000000 0.0000000000 1728.6052800000 1.0 0.0 0.0 0.0
2 672 0.0000000000 0.0000000000 1841.4057200000 1.0 0.0 0.0 0.0
3 672 56.4002200000 0.0000000000 1785.0055000000 1.0 0.0 0.0 0.0
0 678 0.0000000000 0.0000000000 1927.8059400000 1.0 0.0 0.0 0.0
117 679 165.6470782000 0.0000000000 1927.8059400000 1.0 0.0 0.0 0.0
1 679 104.4002200000 0.0000000000 1927.8059400000 1.0 0.0 0.0 0.0
2 678 0.0000000000 0.0000000000 1871.4057200000 1.0 0.0 0.0 0.0
2 678 0.0000000000 0.0000000000 1984.2061600000 1.0 0.0 0.0 0.0
3 678 56.4002200000 0.0000000000 1927.8059400000 1.0 0.0 0.0 0.0
0 684 0.0000000000 0.0000000000 2070.6063800000 1.0 0.0 0.0 0.0
118 685 165.6470782000 0.0000000000 2070.6063800000 1.0 0.0 0.0 0.0
1 685 104.4002200000 0.0000000000 2070.6063800000 1.0 0.0 0.0 0.0
2 684 0.0000000000 0.0000000000 2014.2061600000 1.0 0.0 0.0 0.0
2 684 0.0000000000 0.0000000000 2127.0066000000 1.0 0.0 0.0 0.0
3 684 56.4002200000 0.0000000000 2070.6063800000 1.0 0.0 0.0 0.0
0 690 0.0000000000 0.0000000000 2213.4068200000 1.0 0.0 0.0 0.0
119 691 165.6470782000 0.0000000000 2213.4068200000 1.0 0.0 0.0 0.0
1 691 104.4002200000 0.0000000000 2213.4068200000 1.0 0.0 0.0 0.0
2 690 0.0000000000 0.0000000000 2157.0066000000 1.0 0.0 0.0 0.0
2 690 0.0000000000 0.0000000000 2269.8070400000 1.0 0.0 0.0 0.0
3 690 56.4002200000 0.0000000000 2213.4068200000 1.0 0.0 0.0 0.0
0 696 0.0000000000 0.0000000000 2356.2072600000 1.0 0.0 0.0 0.0
120 697 165.6470782000 0.0000000000 2356.2072600000 1.0 0.0 0.0 0.0
1 697 104.4002200000 0.0000000000 2356.2072600000 1.0 0.0 0.0 0.0
2 696 0.0000000000 0.0000000000 2299.8070400000 1.0 0.0 0.0 0.0
2 696 0.0000000000 0.0000000000 2412.6074800000 1.0 0.0 0.0 0.0
3 696 56.4002200000 0.0000000000 2356.2072600000 1.0 0.0 0.0 0.0
0 702 0.0000000000 0.0000000000 2499.0077000000 1.0 0.0 0.0 0.0
121 703 165.6470782000 0.0000000000 2499.0077000000 1.0 0.0 0.0 0.0
1 703 104.4002200000 0.0000000000 2499.0077000000 1.0 0.0 0.0 0.0
2 702 0.0000000000 0.0000000000 2442.6074800000 1.0 0.0 0.0 0.0
2 702 0.0000000000 0.0000000000 2555.4079200000 1.0 0.0 0.0 0.0
3 702 56.4002200000 0.0000000000 2499.0077000000 1.0 0.0 0.0 0.0
0 708 0.0000000000 0.0000000000 2641.8081400000 1.0 0.0 0.0 0.0
122 709 165.6470782000 0.0000000000 2641.8081400000 1.0 0.0 0.0 0.0
1 709 104.4002200000 0.0000000000 2641.8081400000 1.0 0.0 0.0 0.0
2 708 0.0000000000 0.0000000000 2585.4079200000 1.0 0.0 0.0 0.0
2 708 0.0000000000 0.0000000000 2698.2083600000 1.0 0.0 0.0 0.0
3 708 56.4002200000 0.0000000000 2641.8081400000 1.0 0.0 0.0 0.0
0 714 0.0000000000 0.0000000000 2784.6085800000 1.0 0.0 0.0 0.0
123 715 165.6470782000 0.0000000000 2784.6085800000 1.0 0.0 0.0 0.0
1 715 104.4002200000 0.0000000000 2784.6085800000 1.0 0.0 0.0 0.0
2 714 0.0000000000 0.0000000000 2728.2083600000 1.0 0.0 0.0 0.0
2 714 0.0000000000 0.0000000000 2841.0088000000 1.0 0.0 0.0 0.0
3 714 56.4002200000 0.0000000000 2784.6085800000 1.0 0.0 0.0 0.0
0 720 0.0000000000 0.0000000000 2927.4090200000 1.0 0.0 0.0 0.0
124 721 165.6470782000 0.0000000000 2927.4090200000 1.0 0.0 0.0 0.0
1 721 104.4002200000 0.0000000000 2927.4090200000 1.0 0.0 0.0 0.0
2 720 0.0000000000 0.0000000000 2871.0088000000 1.0 0.0 0.0 0.0
2 720 0.0000000000 0.0000000000 2983.8092400000 1.0 0.0 0.0 0.0
3 720 56.4002200000 0.0000000000 2927.4090200000 1.0 0.0 0.0 0.0
0 726 0.0000000000 0.0000000000 3070.2094600000 1.0 0.0 0.0 0.0
125 727 165.6470782000 0.0000000000 3070.2094600000 1.0 0.0 0.0 0.0
1 727 104.4002200000 0.0000000000 3070.2094600000 1.0 0.0 0.0 0.0
2 726 0.0000000000 0.0000000000 3013.8092400000 1.0 0.0 0.0 0.0
2 726 0.0000000000 0.0000000000 3126.6096800000 1.0 0.0 0.0 0.0
3 726 56.4002200000 0.0000000000 3070.2094600000 1.0 0.0 0.0 0.0
0 732 0.0000000000 0.0000000000 3213.0099000000 1.0 0.0 0.0 0.0
126 733 165.6470782000 0.0000000000 3213.0099000000 1.0 0.0 0.0 0.0
1 733 104.4002200000 0.0000000000 3213.0099000000 1.0 0.0 0.0 0.0
2 732 0.0000000000 0.0000000000 3156.6096800000 1.0 0.0 0.0 0.0
2 732 0.0000000000 0.0000000000 3269.4101200000 1.0 0.0 0.0 0.0
3 732 56.4002200000 0.0000000000 3213.0099000000 1.0 0.0 0.0 0.0
0 738 0.0000000000 0.0000000000 3355.8103400000 1.0 0.0 0.0 0.0
127 739 165.6470782000 0.0000000000 3355.8103400000 1.0 0.0 0.0 0.0
1 739 104.4002200000 0.0000000000 3355.8103400000 1.0 0.0 0.0 0.0
2 738 0.0000000000 0.0000000000 3299.4101200000 1.0 0.0 0.0 0.0
2 738 0.0000000000 0.0000000000 3412.2105600000 1.0 0.0 0.0 0.0
3 738 56.4002200000 0.0000000000 3355.8103400000 1.0 0.0 0.0 0.0
0 744 0.0000000000 0.0000000000 3498.6107800000 1.0 0.0 0.0 0.0
128 745 165.6470782000 0.0000000000 3498.6107800000 1.0 0.0 0.0 0.0
1 745 104.4002200000 0.0000000000 3498.6107800000 1.0 0.0 0.0 0.0
2 744 0.0000000000 0.0000000000 3442.2105600000 1.0 0.0 0.0 0.0
2 744 0.0000000000 0.0000000000 3555.0110000000 1.0 0.0 0.0 0.0
3 744 56.4002200000 0.0000000000 3498.6107800000 1.0 0.0 0.0 0.0
0 750 0.0000000000 0.0000000000 3641.4112200000 1.0 0.0 0.0 0.0
129 751 165.6470782000 0.0000000000 3641.4112200000 1.0 0.0 0.0 0.0
1 751 104.4002200000 0.0000000000 3641.4112200000 1.0 0.0 0.0 0.0
2 750 0.0000000000 0.0000000000 3585.0110000000 1.0 0.0 0.0 0.0
2 750 0.0000000000 0.0000000000 3697.8114400000 1.0 0.0 0.0 0.0
3 750 56.4002200000 0.0000000000 3641.4112200000 1.0 0.0 0.0 0.0
0 756 0.0000000000 0.0000000000 3784.2116600000 1.0 0.0 0.0 0.0
130 757 165.6470782000 0.0000000000 3784.2116600000 1.0 0.0 0.0 0.0
1 757 104.4002200000 0.0000000000 3784.2116600000 1.0 0.0 0.0 0.0
2 756 0.0000000000 0.0000000000 3727.8114400000 1.0 0.0 0.0 0.0
2 756 0.0000000000 0.0000000000 3840.6118800000 1.0 0.0 0.0 0.0
3 756 56.4002200000 0.0000000000 3784.2116600000 1.0 0.0 0.0 0.0
0 762 0.0000000000 0.0000000000 3927.0121000000 1.0 0.0 0.0 0.0
131 763 165.6470782000 0.0000000000 3927.0121000000 1.0 0.0 0.0 0.0
1 763 104.4002200000 0.0000000000 3927.0121000000 1.0 0.0 0.0 0.0
2 762 0.0000000000 0.0000000000 3870.6118800000 1.0 0.0 0.0 0.0
2 762 0.0000000000 0.0000000000 3983.4123200000 1.0 0.0 0.0 0.0
3 762 56.4002200000 0.0000000000 3927.0121000000 1.0 0.0 0.0 0.0
0 768 0.0000000000 0.0000000000 4069.8125400000 1.0 0.0 0.0 0.0
132 769 165.6470782000 0.0000000000 4069.8125400000 1.0 0.0 0.0 0.0
1 769 104.4002200000 0.0000000000 4069.8125400000 1.0 0.0 0.0 0.0
2 768 0.0000000000 0.0000000000 4013.4123200000 1.0 0.0 0.0 0.0
2 768 0.0000000000 0.0000000000 4126.2127600000 1.0 0.0 0.0 0.0
3 768 56.4002200000 0.0000000000 4069.8125400000 1.0 0.0 0.0 0.0
0 774 0.0000000000 0.0000000000 4212.6129800000 1.0 0.0 0.0 0.0
133 775 165.6470782000 0.0000000000 4212.6129800000 1.0 0.0 0.0 0.0
1 775 104.4002200000 0.0000000000 4212.6129800000 1.0 0.0 0.0 0.0
2 774 0.0000000000 0.0000000000 4156.2127600000 1.0 0.0 0.0 0.0
2 774 0.0000000000 0.0000000000 4269.0132000000 1.0 0.0 0.0 0.0
3 774 56.4002200000 0.0000000000 4212.6129800000 1.0 0.0 0.0 0.0
0 780 0.0000000000 0.0000000000 4355.4134200000 1.0 0.0 0.0 0.0
134 781 165.6470782000 0.0000000000 4355.4134200000 1.0 0.0 0.0 0.0
1 781 104.4002200000 0.0000000000 4355.4134200000 1.0 0.0 0.0 0.0
2 780 0.0000000000 0.0000000000 4299.0132000000 1.0 0.0 0.0 0.0
2 780 0.0000000000 0.0000000000 4411.8136400000 1.0 0.0 0.0 0.0
3 780 56.4002200000 0.0000000000 4355.4134200000 1.0 0.0 0.0 0.0
0 786 0.0000000000 0.0000000000 4498.2138600000 1.0 0.0 0.0 0.0
135 787 165.6470782000 0.0000000000 4498.2138600000 1.0 0.0 0.0 0.0
1 787 104.4002200000 0.0000000000 4498.2138600000 1.0 0.0 0.0 0.0
2 786 0.0000000000 0.0000000000 4441.8136400000 1.0 0.0 0.0 0.0
2 786 0.0000000000 0.0000000000 4554.6140800000 1.0 0.0 0.0 0.0
3 786 56.4002200000 0.0000000000 4498.2138600000 1.0 0.0 0.0 0.0
0 792 0.0000000000 0.0000000000 4641.0143000000 1.0 0.0 0.0 0.0
136 793 165.6470782000 0.0000000000 4641.0143000000 1.0 0.0 0.0 0.0
1 793 104.4002200000 0.0000000000 4641.0143000000 1.0 0.0 0.0 0.0
2 792 0.0000000000 0.0000000000 4584.6140800000 1.0 0.0 0.0 0.0
2 792 0.0000000000 0.0000000000 4697.4145200000 1.0 0.0 0.0 0.0
3 792 56.4002200000 0.0000000000 4641.0143000000 1.0 0.0 0.0 0.0
0 798 0.0000000000 0.0000000000 4783.8147400000 1.0 0.0 0.0 0.0
137 799 165.6470782000 0.0000000000 4783.8147400000 1.0 0.0 0.0 0.0
1 799 104.4002200000 0.0000000000 4783.8147400000 1.0 0.0 0.0 0.0
2 798 0.0000000000 0.0000000000 4727.4145200000 1.0 0.0 0.0 0.0
2 798 0.0000000000 0.0000000000 4840.2149600000 1.0 0.0 0.0 0.0
3 798 56.4002200000 0.0000000000 4783.8147400000 1.0 0.0 0.0 0.0
0 804 0.0000000000 0.0000000000 4926.6151800000 1.0 0.0 0.0 0.0
138 805 165.6470782000 0.0000000000 4926.6151800000 1.0 0.0 0.0 0.0
1 805 104.4002200000 0.0000000000 4926.6151800000 1.0 0.0 0.0 0.0
2 804 0.0000000000 0.0000000000 4870.2149600000 1.0 0.0 0.0 0.0
2 804 0.0000000000 0.0000000000 4983.0154000000 1.0 0.0 0.0 0.0
3 804 56.4002200000 0.0000000000 4926.6151800000 1.0 0.0 0.0 0.0
0 810 0.0000000000 0.0000000000 5069.4156200000 1.0 0.0 0.0 0.0
139 811 165.6470782000 0.0000000000 5069.4156200000 1.0 0.0 0.0 0.0
1 811 104.4002200000 0.0000000000 5069.4156200000 1.0 0.0 0.0 0.0
2 810 0.0000000000 0.0000000000 5013.0154000000 1.0 0.0 0.0 0.0
2 810 0.0000000000 0.0000000000 5125.8158400000 1.0 0.0 0.0 0.0
3 810 56.4002200000 0.0000000000 5069.4156200000 1.0 0.0 0.0 0.0
0 816 0.0000000000 0.0000000000 5212.2160600000 1.0 0.0 0.0 0.0
140 817 165.6470782000 0.0000000000 5212.2160600000 1.0 0.0 0.0 0.0
1 817 104.4002200000 0.0000000000 5212.2160600000 1.0 0.0 0.0 0.0
2 816 0.0000000000 0.0000000000 5155.8158400000 1.0 0.0 0.0 0.0
2 816 0.0000000000 0.0000000000 5268.6162800000 1.0 0.0 0.0 0.0
3 816 56.4002200000 0.0000000000 5212.2160600000 1.0 0.0 0.0 0.0
0 822 0.0000000000 0.0000000000 5355.0165000000 1.0 0.0 0.0 0.0
141 823 165.6470782000 0.0000000000 5355.0165000000 1.0 0.0 0.0 0.0
1 823 104.4002200000 0.0000000000 5355.0165000000 1.0 0.0 0.0 0.0
2 822 0.0000000000 0.0000000000 5298.6162800000 1.0 0.0 0.0 0.0
2 822 0.0000000000 0.0000000000 5411.4167200000 1.0 0.0 0.0 0.0
3 822 56.4002200000 0.0000000000 5355.0165000000 1.0 0.0 0.0 0.0
0 828 0.0000000000 0.0000000000 5497.8169400000 1.0 0.0 0.0 0.0
142 829 165.6470782000 0.0000000000 5497.8169400000 1.0 0.0 0.0 0.0
1 829 104.4002200000 0.0000000000 5497.8169400000 1.0 0.0 0.0 0.0
2 828 0.0000000000 0.0000000000 5441.4167200000 1.0 0.0 0.0 0.0
2 828 0.0000000000 0.0000000000 5554.2171600000 1.0 0.0 0.0 0.0
3 828 56.4002200000 0.0000000000 5497.8169400000 1.0 0.0 0.0 0.0
0 834 0.0000000000 0.0000000000 5640.6173800000 1.0 0.0 0.0 0.0
143 835 165.6470782000 0.0000000000 5640.6173800000 1.0 0.0 0.0 0.0
1 835 104.4002200000 0.0000000000 5640.6173800000 1.0 0.0 0.0 0.0
2 834 0.0000000000 0.0000000000 5584.2171600000 1.0 0.0 0.0 0.0
2 834 0.0000000000 0.0000000000 5697.0176000000 1.0 0.0 0.0 0.0
3 834 56.4002200000 0.0000000000 5640.6173800000 1.0 0.0 0.0 0.0
0 840 0.0000000000 0.0000000000 5783.4178200000 1.0 0.0 0.0 0.0
144 841 165.6470782000 0.0000000000 5783.4178200000 1.0 0.0 0.0 0.0
1 841 104.4002200000 0.0000000000 5783.4178200000 1.0 0.0 0.0 0.0
2 840 0.0000000000 0.0000000000 5727.0176000000 1.0 0.0 0.0 0.0
2 840 0.0000000000 0.0000000000 5839.8180400000 1.0 0.0 0.0 0.0
3 840 56.4002200000 0.0000000000 5783.4178200000 1.0 0.0 0.0 0.0
0 846 0.0000000000 0.0000000000 5926.2182600000 1.0 0.0 0.0 0.0
145 847 165.6470782000 0.0000000000 5926.2182600000 1.0 0.0 0.0 0.0
1 847 104.4002200000 0.0000000000 5926.2182600000 1.0 0.0 0.0 0.0
2 846 0.0000000000 0.0000000000 5869.8180400000 1.0 0.0 0.0 0.0
2 846 0.0000000000 0.0000000000 5982.6184800000 1.0 0.0 0.0 0.0
3 846 56.4002200000 0.0000000000 5926.2182600000 1.0 0.0 0.0 0.0
0 852 0.0000000000 0.0000000000 6069.0187000000 1.0 0.0 0.0 0.0
146 853 165.6470782000 0.0000000000 6069.0187000000 1.0 0.0 0.0 0.0
1 853 104.4002200000 0.0000000000 6069.0187000000 1.0 0.0 0.0 0.0
2 852 0.0000000000 0.0000000000 6012.6184800000 1.0 0.0 0.0 0.0
2 852 0.0000000000 0.0000000000 6125.4189200000 1.0 0.0 0.0 0.0
3 852 56.4002200000 0.0000000000 6069.0187000000 1.0 0.0 0.0 0.0
0 858 0.0000000000 0.0000000000 6211.8191400000 1.0 0.0 0.0 0.0
147 859 165.6470782000 0.0000000000 6211.8191400000 1.0 0.0 0.0 0.0
1 859 104.4002200000 0.0000000000 6211.8191400000 1.0 0.0 0.0 0.0
2 858 0.0000000000 0.0000000000 6155.4189200000 1.0 0.0 0.0 0.0
2 858 0.0000000000 0.0000000000 6268.2193600000 1.0 0.0 0.0 0.0
3 858 56.4002200000 0.0000000000 6211.8191400000 1.0 0.0 0.0 0.0
0 864 0.0000000000 0.0000000000 6354.6195800000 1.0 0.0 0.0 0.0
148 865 165.6470782000 0.0000000000 6354.6195800000 1.0 0.0 0.0 0.0
1 865 104.4002200000 0.0000000000 6354.6195800000 1.0 0.0 0.0 0.0
2 864 0.0000000000 0.0000000000 6298.2193600000 1.0 0.0 0.0 0.0
2 864 0.0000000000 0.0000000000 6411.0198000000 1.0 0.0 0.0 0.0
3 864 56.4002200000 0.0000000000 6354.6195800000 1.0 0.0 0.0 0.0
0 870 0.0000000000 0.0000000000 6497.4200200000 1.0 0.0 0.0 0.0
149 871 165.6470782000 0.0000000000 6497.4200200000 1.0 0.0 0.0 0.0
1 871 104.4002200000 0.0000000000 6497.4200200000 1.0 0.0 0.0 0.0
2 870 0.0000000000 0.0000000000 6441.0198000000 1.0 0.0 0.0 0.0
2 870 0.0000000000 0.0000000000 6553.8202400000 1.0 0.0 0.0 0.0
3 870 56.4002200000 0.0000000000 6497.4200200000 1.0 0.0 0.0 0.0
0 876 0.0000000000 0.0000000000 6640.2204600000 1.0 0.0 0.0 0.0
150 877 165.6470782000 0.0000000000 6640.2204600000 1.0 0.0 0.0 0.0
1 877 104.4002200000 0.0000000000 6640.2204600000 1.0 0.0 0.0 0.0
2 876 0.0000000000 0.0000000000 6583.8202400000 1.0 0.0 0.0 0.0
2 876 0.0000000000 0.0000000000 6696.6206800000 1.0 0.0 0.0 0.0
3 876 56.4002200000 0.0000000000 6640.2204600000 1.0 0.0 0.0 0.0
0 882 0.0000000000 0.0000000000 6783.0209000000 1.0 0.0 0.0 0.0
151 883 165.6470782000 0.0000000000 6783.0209000000 1.0 0.0 0.0 0.0
1 883 104.4002200000 0.0000000000 6783.0209000000 1.0 0.0 0.0 0.0
2 882 0.0000000000 0.0000000000 6726.6206800000 1.0 0.0 0.0 0.0
2 882 0.0000000000 0.0000000000 6839.4211200000 1.0 0.0 0.0 0.0
3 882 56.4002200000 0.0000000000 6783.0209000000 1.0 0.0 0.0 0.0
0 888 0.0000000000 0.0000000000 6925.8213400000 1.0 0.0 0.0 0.0
152 889 165.6470782000 0.0000000000 6925.8213400000 1.0 0.0 0.0 0.0
1 889 104.4002200000 0.0000000000 6925.8213400000 1.0 0.0 0.0 0.0
2 888 0.0000000000 0.0000000000 6869.4211200000 1.0 0.0 0.0 0.0
2 888 0.0000000000 0.0000000000 6982.2215600000 1.0 0.0 0.0 0.0
3 888 56.4002200000 0.0000000000 6925.8213400000 1.0 0.0 0.0 0.0
0 894 0.0000000000 0.0000000000 7068.6217800000 1.0 0.0 0.0 0.0
153 895 165.6470782000 0.0000000000 7068.6217800000 1.0 0.0 0.0 0.0
1 895 104.4002200000 0.0000000000 7068.6217800000 1.0 0.0 0.0 0.0
2 894 0.0000000000 0.0000000000 7012.2215600000 1.0 0.0 0.0 0.0
2 894 0.0000000000 0.0000000000 7125.0220000000 1.0 0.0 0.0 0.0
3 894 56.4002200000 0.0000000000 7068.6217800000 1.0 0.0 0.0 0.0
0 900 0.0000000000 0.0000000000 7211.4222200000 1.0 0.0 0.0 0.0
154 901 165.6470782000 0.0000000000 7211.4222200000 1.0 0.0 0.0 0.0
1 901 104.4002200000 0.0000000000 7211.4222200000 1.0 0.0 0.0 0.0
2 900 0.0000000000 0.0000000000 7155.0220000000 1.0 0.0 0.0 0.0
2 900 0.0000000000 0.0000000000 7267.8224400000 1.0 0.0 0.0 0.0
3 900 56.4002200000 0.0000000000 7211.4222200000 1.0 0.0 0.0 0.0
0 906 0.0000000000 0.0000000000 7354.2226600000 1.0 0.0 0.0 0.0
155 907 165.6470782000 0.0000000000 7354.2226600000 1.0 0.0 0.0 0.0
1 907 104.4002200000 0.0000000000 7354.2226600000 1.0 0.0 0.0 0.0
2 906 0.0000000000 0.0000000000 7297.8224400000 1.0 0.0 0.0 0.0
2 906 0.0000000000 0.0000000000 7410.6228800000 1.0 0.0 0.0 0.0
3 906 56.4002200000 0.0000000000 7354.2226600000 1.0 0.0 0.0 0.0
0 912 0.0000000000 0.0000000000 7497.0231000000 1.0 0.0 0.0 0.0
156 913 165.6470782000 0.0000000000 7497.0231000000 1.0 0.0 0.0 0.0
1 913 104.4002200000 0.0000000000 7497.0231000000 1.0 0.0 0.0 0.0
2 912 0.0000000000 0.0000000000 7440.6228800000 1.0 0.0 0.0 0.0
2 912 0.0000000000 0.0000000000 7553.4233200000 1.0 0.0 0.0 0.0
3 912 56.4002200000 0.0000000000 7497.0231000000 1.0 0.0 0.0 0.0
0 918 0.0000000000 0.0000000000 7639.8235400000 1.0 0.0 0.0 0.0
157 919 165.6470782000 0.0000000000 7639.8235400000 1.0 0.0 0.0 0.0
1 919 104.4002200000 0.0000000000 7639.8235400000 1.0 0.0 0.0 0.0
2 918 0.0000000000 0.0000000000 7583.4233200000 1.0 0.0 0.0 0.0
2 918 0.0000000000 0.0000000000 7696.2237600000 1.0 0.0 0.0 0.0
3 918 56.4002200000 0.0000000000 7639.8235400000 1.0 0.0 0.0 0.0
0 924 0.0000000000 0.0000000000 7782.6239800000 1.0 0.0 0.0 0.0
158 925 165.6470782000 0.0000000000 7782.6239800000 1.0 0.0 0.0 0.0
1 925 104.4002200000 0.0000000000 7782.6239800000 1.0 0.0 0.0 0.0
2 924 0.0000000000 0.0000000000 7726.2237600000 1.0 0.0 0.0 0.0
2 924 0.0000000000 0.0000000000 7839.0242000000 1.0 0.0 0.0 0.0
3 924 56.4002200000 0.0000000000 7782.6239800000 1.0 0.0 0.0 0.0
0 930 0.0000000000 0.0000000000 7925.4244200000 1.0 0.0 0.0 0.0
159 931 165.6470782000 0.0000000000 7925.4244200000 1.0 0.0 0.0 0.0
1 931 104.4002200000 0.0000000000 7925.4244200000 1.0 0.0 0.0 0.0
2 930 0.0000000000 0.0000000000 7869.0242000000 1.0 0.0 0.0 0.0
2 930 0.0000000000 0.0000000000 7981.8246400000 1.0 0.0 0.0 0.0
3 930 56.4002200000 0.0000000000 7925.4244200000 1.0 0.0 0.0 0.0
0 936 0.0000000000 0.0000000000 8068.2248600000 1.0 0.0 0.0 0.0
160 937 165.6470782000 0.0000000000 8068.2248600000 1.0 0.0 0.0 0.0
1 937 104.4002200000 0.0000000000 8068.2248600000 1.0 0.0 0.0 0.0
2 936 0.0000000000 0.0000000000 8011.8246400000 1.0 0.0 0.0 0.0
2 936 0.0000000000 0.0000000000 8124.6250800000 1.0 0.0 0.0 0.0
3 936 56.4002200000 0.0000000000 8068.2248600000 1.0 0.0 0.0 0.0
0 942 0.0000000000 0.0000000000 8211.0253000000 1.0 0.0 0.0 0.0
161 943 165.6470782000 0.0000000000 8211.0253000000 1.0 0.0 0.0 0.0
1 943 104.4002200000 0.0000000000 8211.0253000000 1.0 0.0 0.0 0.0
2 942 0.0000000000 0.0000000000 8154.6250800000 1.0 0.0 0.0 0.0
2 942 0.0000000000 0.0000000000 8267.4255200000 1.0 0.0 0.0 0.0
3 942 56.4002200000 0.0000000000 8211.0253000000 1.0 0.0 0.0 0.0
0 948 0.0000000000 0.0000000000 8353.8257400000 1.0 0.0 0.0 0.0
162 949 165.6470782000 0.0000000000 8353.8257400000 1.0 0.0 0.0 0.0
1 949 104.4002200000 0.0000000000 8353.8257400000 1.0 0.0 0.0 0.0
2 948 0.0000000000 0.0000000000 8297.4255200000 1.0 0.0 0.0 0.0
2 948 0.0000000000 0.0000000000 8410.2259600000 1.0 0.0 0.0 0.0
3 948 56.4002200000 0.0000000000 8353.8257400000 1.0 0.0 0.0 0.0
0 954 0.0000000000 0.0000000000 8496.6261800000 1.0 0.0 0.0 0.0
163 955 165.6470782000 0.0000000000 8496.6261800000 1.0 0.0 0.0 0.0
1 955 104.4002200000 0.0000000000 8496.6261800000 1.0 0.0 0.0 0.0
2 954 0.0000000000 0.0000000000 8440.2259600000 1.0 0.0 0.0 0.0
2 954 0.0000000000 0.0000000000 8553.0264000000 1.0 0.0 0.0 0.0
3 954 56.4002200000 0.0000000000 8496.6261800000 1.0 0.0 0.0 0.0
0 960 0.0000000000 0.0000000000 8639.4266200000 1.0 0.0 0.0 0.0
164 961 165.6470782000 0.0000000000 8639.4266200000 1.0 0.0 0.0 0.0
1 961 104.4002200000 0.0000000000 8639.4266200000 1.0 0.0 0.0 0.0
2 960 0.0000000000 0.0000000000 8583.0264000000 1.0 0.0 0.0 0.0
2 960 0.0000000000 0.0000000000 8695.8268400000 1.0 0.0 0.0 0.0
3 960 56.4002200000 0.0000000000 8639.4266200000 1.0 0.0 0.0 0.0
0 966 0.0000000000 0.0000000000 8782.2270600000 1.0 0.0 0.0 0.0
165 967 165.6470782000 0.0000000000 8782.2270600000 1.0 0.0 0.0 0.0
1 967 104.4002200000 0.0000000000 8782.2270600000 1.0 0.0 0.0 0.0
2 966 0.0000000000 0.0000000000 8725.8268400000 1.0 0.0 0.0 0.0
2 966 0.0000000000 0.0000000000 8838.6272800000 1.0 0.0 0.0 0.0
3 966 56.4002200000 0.0000000000 8782.2270600000 1.0 0.0 0.0 0.0
0 972 0.0000000000 0.0000000000 8925.0275000000 1.0 0.0 0.0 0.0
166 973 165.6470782000 0.0000000000 8925.0275000000 1.0 0.0 0.0 0.0
1 973 104.4002200000 0.0000000000 8925.0275000000 1.0 0.0 0.0 0.0
2 972 0.0000000000 0.0000000000 8868.6272800000 1.0 0.0 0.0 0.0
2 972 0.0000000000 0.0000000000 8981.4277200000 1.0 0.0 0.0 0.0
3 972 56.4002200000 0.0000000000 8925.0275000000 1.0 0.0 0.0 0.0
0 978 0.0000000000 0.0000000000 9067.8279400000 1.0 0.0 0.0 0.0
167 979 165.6470782000 0.0000000000 9067.8279400000 1.0 0.0 0.0 0.0
1 979 104.4002200000 0.0000000000 9067.8279400000 1.0 0.0 0.0 0.0
2 978 0.0000000000 0.0000000000 9011.4277200000 1.0 0.0 0.0 0.0
2 978 0.0000000000 0.0000000000 9124.2281600000 1.0 0.0 0.0 0.0
3 978 56.4002200000 0.0000000000 9067.8279400000 1.0 0.0 0.0 0.0
0 984 0.0000000000 0.0000000000 9210.6283800000 1.0 0.0 0.0 0.0
168 985 165.6470782000 0.0000000000 9210.6283800000 1.0 0.0 0.0 0.0
1 985 104.4002200000 0.0000000000 9210.6283800000 1.0 0.0 0.0 0.0
2 984 0.0000000000 0.0000000000 9154.2281600000 1.0 0.0 0.0 0.0
2 984 0.0000000000 0.0000000000 9267.0286000000 1.0 0.0 0.0 0.0
3 984 56.4002200000 0.0000000000 9210.6283800000 1.0 0.0 0.0 0.0
0 990 0.0000000000 0.0000000000 9353.4288200000 1.0 0.0 0.0 0.0
169 991 165.6470782000 0.0000000000 9353.4288200000 1.0 0.0 0.0 0.0
1 991 104.4002200000 0.0000000000 9353.4288200000 1.0 0.0 0.0 0.0
2 990 0.0000000000 0.0000000000 9297.0286000000 1.0 0.0 0.0 0.0
2 990 0.0000000000 0.0000000000 9409.8290400000 1.0 0.0 0.0 0.0
3 990 56.4002200000 0.0000000000 9353.4288200000 1.0 0.0 0.0 0.0
0 996 0.0000000000 0.0000000000 9496.2292600000 1.0 0.0 0.0 0.0
170 997 165.6470782000 0.0000000000 9496.2292600000 1.0 0.0 0.0 0.0
1 997 104.4002200000 0.0000000000 9496.2292600000 1.0 0.0 0.0 0.0
2 996 0.0000000000 0.0000000000 9439.8290400000 1.0 0.0 0.0 0.0
2 996 0.0000000000 0.0000000000 9552.6294800000 1.0 0.0 0.0 0.0
3 996 56.4002200000 0.0000000000 9496.2292600000 1.0 0.0 0.0 0.0
0 1002 0.0000000000 0.0000000000 9639.0297000000 1.0 0.0 0.0 0.0
171 1003 165.6470782000 0.0000000000 9639.0297000000 1.0 0.0 0.0 0.0
1 1003 104.4002200000 0.0000000000 9639.0297000000 1.0 0.0 0.0 0.0
2 1002 0.0000000000 0.0000000000 9582.6294800000 1.0 0.0 0.0 0.0
2 1002 0.0000000000 0.0000000000 9695.4299200000 1.0 0.0 0.0 0.0
3 1002 56.4002200000 0.0000000000 9639.0297000000 1.0 0.0 0.0 0.0
0 1008 0.0000000000 0.0000000000 9781.8301400000 1.0 0.0 0.0 0.0
172 1009 165.6470782000 0.0000000000 9781.8301400000 1.0 0.0 0.0 0.0
1 1009 104.4002200000 0.0000000000 9781.8301400000 1.0 0.0 0.0 0.0
2 1008 0.0000000000 0.0000000000 9725.4299200000 1.0 0.0 0.0 0.0
2 1008 0.0000000000 0.0000000000 9838.2303600000 1.0 0.0 0.0 0.0
3 1008 56.4002200000 0.0000000000 9781.8301400000 1.0 0.0 0.0 0.0
0 1014 0.0000000000 0.0000000000 9924.6305799999 1.0 0.0 0.0 0.0
173 1015 165.6470782000 0.0000000000 9924.6305799999 1.0 0.0 0.0 0.0
1 1015 104.4002200000 0.0000000000 9924.6305799999 1.0 0.0 0.0 0.0
2 1014 0.0000000000 0.0000000000 9868.2303600000 1.0 0.0 0.0 0.0
2 1014 0.0000000000 0.0000000000 9981.0307999999 1.0 0.0 0.0 0.0
3 1014 56.4002200000 0.0000000000 9924.6305799999 1.0 0.0 0.0 0.0
0 1020 0.0000000000 0.0000000000 10067.4310199999 1.0 0.0 0.0 0.0
174 1021 165.6470782000 0.0000000000 10067.4310199999 1.0 0.0 0.0 0.0
1 1021 104.4002200000 0.0000000000 10067.4310199999 1.0 0.0 0.0 0.0
2 1020 0.0000000000 0.0000000000 10011.0307999999 1.0 0.0 0.0 0.0
2 1020 0.0000000000 0.0000000000 10123.8312399999 1.0 0.0 0.0 0.0
3 1020 56.4002200000 0.0000000000 10067.4310199999 1.0 0.0 0.0 0.0
0 1026 0.0000000000 0.0000000000 10210.2314599999 1.0 0.0 0.0 0.0
175 1027 165.6470782000 0.0000000000 10210.2314599999 1.0 0.0 0.0 0.0
1 1027 104.4002200000 0.0000000000 10210.2314599999 1.0 0.0 0.0 0.0
2 1026 0.0000000000 0.0000000000 10153.8312399999 1.0 0.0 0.0 0.0
2 1026 0.0000000000 0.0000000000 10266.6316799999 1.0 0.0 0.0 0.0
3 1026 56.4002200000 0.0000000000 10210.2314599999 1.0 0.0 0.0 0.0
0 1032 0.0000000000 0.0000000000 10353.0318999999 1.0 0.0 0.0 0.0
176 1033 165.6470782000 0.0000000000 10353.0318999999 1.0 0.0 0.0 0.0
1 1033 104.4002200000 0.0000000000 10353.0318999999 1.0 0.0 0.0 0.0
2 1032 0.0000000000 0.0000000000 10296.6316799999 1.0 0.0 0.0 0.0
2 1032 0.0000000000 0.0000000000 10409.4321199999 1.0 0.0 0.0 0.0
3 1032 56.4002200000 0.0000000000 10353.0318999999 1.0 0.0 0.0 0.0
0 1038 0.0000000000 0.0000000000 10495.8323399999 1.0 0.0 0.0 0.0
177 1039 165.6470782000 0.0000000000 10495.8323399999 1.0 0.0 0.0 0.0
1 1039 104.4002200000 0.0000000000 10495.8323399999 1.0 0.0 0.0 0.0
2 1038 0.0000000000 0.0000000000 10439.4321199999 1.0 0.0 0.0 0.0
2 1038 0.0000000000 0.0000000000 10552.2325599999 1.0 0.0 0.0 0.0
3 1038 56.4002200000 0.0000000000 10495.8323399999 1.0 0.0 0.0 0.0
0 1044 0.0000000000 0.0000000000 10638.6327799999 1.0 0.0 0.0 0.0
178 1045 165.6470782000 0.0000000000 10638.6327799999 1.0 0.0 0.0 0.0
1 1045 104.4002200000 0.0000000000 10638.6327799999 1.0 0.0 0.0 0.0
2 1044 0.0000000000 0.0000000000 10582.2325599999 1.0 0.0 0.0 0.0
2 1044 0.0000000000 0.0000000000 10695.0329999999 1.0 0.0 0.0 0.0
3 1044 56.4002200000 0.0000000000 10638.6327799999 1.0 0.0 0.0 0.0
0 1050 0.0000000000 0.0000000000 10781.4332199999 1.0 0.0 0.0 0.0
179 1051 165.6470782000 0.0000000000 10781.4332199999 1.0 0.0 0.0 0.0
1 1051 104.4002200000 0.0000000000 10781.4332199999 1.0 0.0 0.0 0.0
2 1050 0.0000000000 0.0000000000 10725.0329999999 1.0 0.0 0.0 0.0
2 1050 0.0000000000 0.0000000000 10837.8334399999 1.0 0.0 0.0 0.0
3 1050 56.4002200000 0.0000000000 10781.4332199999 1.0 0.0 0.0 0.0
0 1056 0.0000000000 0.0000000000 10924.2336599999 1.0 0.0 0.0 0.0
180 1057 165.6470782000 0.0000000000 10924.2336599999 1.0 0.0 0.0 0.0
1 1057 104.4002200000 0.0000000000 10924.2336599999 1.0 0.0 0.0 0.0
2 1056 0.0000000000 0.0000000000 10867.8334399999 1.0 0.0 0.0 0.0
2 1056 0.0000000000 0.0000000000 10980.6338799999 1.0 0.0 0.0 0.0
3 1056 56.4002200000 0.0000000000 10924.2336599999 1.0 0.0 0.0 0.0
0 1062 0.0000000000 0.0000000000 11067.0340999999 1.0 0.0 0.0 0.0
181 1063 165.6470782000 0.0000000000 11067.0340999999 1.0 0.0 0.0 0.0
1 1063 104.4002200000 0.0000000000 11067.0340999999 1.0 0.0 0.0 0.0
2 1062 0.0000000000 0.0000000000 11010.6338799999 1.0 0.0 0.0 0.0
2 1062 0.0000000000 0.0000000000 11123.4343199999 1.0 0.0 0.0 0.0
3 1062 56.4002200000 0.0000000000 11067.0340999999 1.0 0.0 0.0 0.0
0 1068 0.0000000000 0.0000000000 11209.8345399999 1.0 0.0 0.0 0.0
182 1069 165.6470782000 0.0000000000 11209.8345399999 1.0 0.0 0.0 0.0
1 1069 104.4002200000 0.0000000000 11209.8345399999 1.0 0.0 0.0 0.0
2 1068 0.0000000000 0.0000000000 11153.4343199999 1.0 0.0 0.0 0.0
2 1068 0.0000000000 0.0000000000 11266.2347599999 1.0 0.0 0.0 0.0
3 1068 56.4002200000 0.0000000000 11209.8345399999 1.0 0.0 0.0 0.0
0 1074 0.0000000000 0.0000000000 11352.6349799999 1.0 0.0 0.0 0.0
183 1075 165.6470782000 0.0000000000 11352.6349799999 1.0 0.0 0.0 0.0
1 1075 104.4002200000 0.0000000000 11352.6349799999 1.0 0.0 0.0 0.0
2 1074 0.0000000000 0.0000000000 11296.2347599999 1.0 0.0 0.0 0.0
2 1074 0.0000000000 0.0000000000 11409.0351999999 1.0 0.0 0.0 0.0
3 1074 56.4002200000 0.0000000000 11352.6349799999 1.0 0.0 0.0 0.0
0 1080 0.0000000000 0.0000000000 11495.4354199999 1.0 0.0 0.0 0.0
184 1081 165.6470782000 0.0000000000 11495.4354199999 1.0 0.0 0.0 0.0
1 1081 104.4002200000 0.0000000000 11495.4354199999 1.0 0.0 0.0 0.0
2 1080 0.0000000000 0.0000000000 11439.0351999999 1.0 0.0 0.0 0.0
2 1080 0.0000000000 0.0000000000 11551.8356399999 1.0 0.0 0.0 0.0
3 1080 56.4002200000 0.0000000000 11495.4354199999 1.0 0.0 0.0 0.0
0 1086 0.0000000000 0.0000000000 11638.2358599999 1.0 0.0 0.0 0.0
185 1087 165.6470782000 0.0000000000 11638.2358599999 1.0 0.0 0.0 0.0
1 1087 104.4002200000 0.0000000000 11638.2358599999 1.0 0.0 0.0 0.0
2 1086 0.0000000000 0.0000000000 11581.8356399999 1.0 0.0 0.0 0.0
2 1086 0.0000000000 0.0000000000 11694.6360799999 1.0 0.0 0.0 0.0
3 1086 56.4002200000 0.0000000000 11638.2358599999 1.0 0.0 0.0 0.0
0 1092 0.0000000000 0.0000000000 11781.0362999999 1.0 0.0 0.0 0.0
186 1093 165.6470782000 0.0000000000 11781.0362999999 1.0 0.0 0.0 0.0
1 1093 104.4002200000 0.0000000000 11781.0362999999 1.0 0.0 0.0 0.0
2 1092 0.0000000000 0.0000000000 11724.6360799999 1.0 0.0 0.0 0.0
2 1092 0.0000000000 0.0000000000 11837.4365199999 1.0 0.0 0.0 0.0
3 1092 56.4002200000 0.0000000000 11781.0362999999 1.0 0.0 0.0 0.0
0 1098 0.0000000000 0.0000000000 11923.8367399999 1.0 0.0 0.0 0.0
187 1099 165.6470782000 0.0000000000 11923.8367399999 1.0 0.0 0.0 0.0
1 1099 104.4002200000 0.0000000000 11923.8367399999 1.0 0.0 0.0 0.0
2 1098 0.0000000000 0.0000000000 11867.4365199999 1.0 0.0 0.0 0.0
2 1098 0.0000000000 0.0000000000 11980.2369599999 1.0 0.0 0.0 0.0
3 1098 56.4002200000 0.0000000000 11923.8367399999 1.0 0.0 0.0 0.0
0 1104 0.0000000000 0.0000000000 12066.6371799999 1.0 0.0 0.0 0.0
188 1105 165.6470782000 0.0000000000 12066.6371799999 1.0 0.0 0.0 0.0
1 1105 104.4002200000 0.0000000000 12066.6371799999 1.0 0.0 0.0 0.0
2 1104 0.0000000000 0.0000000000 12010.2369599999 1.0 0.0 0.0 0.0
2 1104 0.0000000000 0.0000000000 12123.0373999999 1.0 0.0 0.0 0.0
3 1104 56.4002200000 0.0000000000 12066.6371799999 1.0 0.0 0.0 0.0
0 1110 0.0000000000 0.0000000000 12209.4376199999 1.0 0.0 0.0 0.0
189 1111 165.6470782000 0.0000000000 12209.4376199999 1.0 0.0 0.0 0.0
1 1111 104.4002200000 0.0000000000 12209.4376199999 1.0 0.0 0.0 0.0
2 1110 0.0000000000 0.0000000000 12153.0373999999 1.0 0.0 0.0 0.0
2 1110 0.0000000000 0.0000000000 12265.8378399999 1.0 0.0 0.0 0.0
3 1110 56.4002200000 0.0000000000 12209.4376199999 1.0 0.0 0.0 0.0
0 1116 0.0000000000 0.0000000000 12352.2380599999 1.0 0.0 0.0 0.0
190 1117 165.6470782000 0.0000000000 12352.2380599999 1.0 0.0 0.0 0.0
1 1117 104.4002200000 0.0000000000 12352.2380599999 1.0 0.0 0.0 0.0
2 1116 0.0000000000 0.0000000000 12295.8378399999 1.0 0.0 0.0 0.0
2 1116 0.0000000000 0.0000000000 12408.6382799999 1.0 0.0 0.0 0.0
3 1116 56.4002200000 0.0000000000 12352.2380599999 1.0 0.0 0.0 0.0
0 1122 0.0000000000 0.0000000000 12495.0384999999 1.0 0.0 0.0 0.0
191 1123 165.6470782000 0.0000000000 12495.0384999999 1.0 0.0 0.0 0.0
1 1123 104.4002200000 0.0000000000 12495.0384999999 1.0 0.0 0.0 0.0
2 1122 0.0000000000 0.0000000000 12438.6382799999 1.0 0.0 0.0 0.0
2 1122 0.0000000000 0.0000000000 12551.4387199999 1.0 0.0 0.0 0.0
3 1122 56.4002200000 0.0000000000 12495.0384999999 1.0 0.0 0.0 0.0
0 1128 0.0000000000 0.0000000000 12637.8389399999 1.0 0.0 0.0 0.0
192 1129 165.6470782000 0.0000000000 12637.8389399999 1.0 0.0 0.0 0.0
1 1129 104.4002200000 0.0000000000 12637.8389399999 1.0 0.0 0.0 0.0
2 1128 0.0000000000 0.0000000000 12581.4387199999 1.0 0.0 0.0 0.0
2 1128 0.0000000000 0.0000000000 12694.2391599999 1.0 0.0 0.0 0.0
3 1128 56.4002200000 0.0000000000 12637.8389399999 1.0 0.0 0.0 0.0
0 1134 0.0000000000 0.0000000000 12780.6393799999 1.0 0.0 0.0 0.0
193 1135 165.6470782000 0.0000000000 12780.6393799999 1.0 0.0 0.0 0.0
1 1135 104.4002200000 0.0000000000 12780.6393799999 1.0 0.0 0.0 0.0
2 1134 0.0000000000 0.0000000000 12724.2391599999 1.0 0.0 0.0 0.0
2 1134 0.0000000000 0.0000000000 12837.0395999999 1.0 0.0 0.0 0.0
3 1134 56.4002200000 0.0000000000 12780.6393799999 1.0 0.0 0.0 0.0
0 1140 0.0000000000 0.0000000000 12923.4398199999 1.0 0.0 0.0 0.0
194 1141 165.6470782000 0.0000000000 12923.4398199999 1.0 0.0 0.0 0.0
1 1141 104.4002200000 0.0000000000 12923.4398199999 1.0 0.0 0.0 0.0
2 1140 0.0000000000 0.0000000000 12867.0395999999 1.0 0.0 0.0 0.0
2 1140 0.0000000000 0.0000000000 12979.8400399999 1.0 0.0 0.0 0.0
3 1140 56.4002200000 0.0000000000 12923.4398199999 1.0 0.0 0.0 0.0
0 1146 0.0000000000 0.0000000000 13066.2402599999 1.0 0.0 0.0 0.0
195 1147 165.6470782000 0.0000000000 13066.2402599999 1.0 0.0 0.0 0.0
1 1147 104.4002200000 0.0000000000 13066.2402599999 1.0 0.0 0.0 0.0
2 1146 0.0000000000 0.0000000000 13009.8400399999 1.0 0.0 0.0 0.0
2 1146 0.0000000000 0.0000000000 13122.6404799999 1.0 0.0 0.0 0.0
3 1146 56.4002200000 0.0000000000 13066.2402599999 1.0 0.0 0.0 0.0
0 1152 0.0000000000 0.0000000000 13209.0406999999 1.0 0.0 0.0 0.0
196 1153 165.6470782000 0.0000000000 13209.0406999999 1.0 0.0 0.0 0.0
1 1153 104.4002200000 0.0000000000 13209.0406999999 1.0 0.0 0.0 0.0
2 1152 0.0000000000 0.0000000000 13152.6404799999 1.0 0.0 0.0 0.0
2 1152 0.0000000000 0.0000000000 13265.4409199999 1.0 0.0 0.0 0.0
3 1152 56.4002200000 0.0000000000 13209.0406999999 1.0 0.0 0.0 0.0
0 1158 0.0000000000 0.0000000000 13351.8411399999 1.0 0.0 0.0 0.0
197 1159 165.6470782000 0.0000000000 13351.8411399999 1.0 0.0 0.0 0.0
1 1159 104.4002200000 0.0000000000 13351.8411399999 1.0 0.0 0.0 0.0
2 1158 0.0000000000 0.0000000000 13295.4409199999 1.0 0.0 0.0 0.0
2 1158 0.0000000000 0.0000000000 13408.2413599999 1.0 0.0 0.0 0.0
3 1158 56.4002200000 0.0000000000 13351.8411399999 1.0 0.0 0.0 0.0
0 1164 0.0000000000 0.0000000000 13494.6415799999 1.0 0.0 0.0 0.0
198 1165 165.6470782000 0.0000000000 13494.6415799999 1.0 0.0 0.0 0.0
1 1165 104.4002200000 0.0000000000 13494.6415799999 1.0 0.0 0.0 0.0
2 1164 0.0000000000 0.0000000000 13438.2413599999 1.0 0.0 0.0 0.0
2 1164 0.0000000000 0.0000000000 13551.0417999999 1.0 0.0 0.0 0.0
3 1164 56.4002200000 0.0000000000 13494.6415799999 1.0 0.0 0.0 0.0
0 1170 0.0000000000 0.0000000000 13637.4420199999 1.0 0.0 0.0 0.0
199 1171 165.6470782000 0.0000000000 13637.4420199999 1.0 0.0 0.0 0.0
1 1171 104.4002200000 0.0000000000 13637.4420199999 1.0 0.0 0.0 0.0
2 1170 0.0000000000 0.0000000000 13581.0417999999 1.0 0.0 0.0 0.0
2 1170 0.0000000000 0.0000000000 13693.8422399999 1.0 0.0 0.0 0.0
3 1170 56.4002200000 0.0000000000 13637.4420199999 1.0 0.0 0.0 0.0
0 1176 0.0000000000 0.0000000000 13780.2424599999 1.0 0.0 0.0 0.0
200 1177 165.6470782000 0.0000000000 13780.2424599999 1.0 0.0 0.0 0.0
1 1177 104.4002200000 0.0000000000 13780.2424599999 1.0 0.0 0.0 0.0
2 1176 0.0000000000 0.0000000000 13723.8422399999 1.0 0.0 0.0 0.0
2 1176 0.0000000000 0.0000000000 13836.6426799999 1.0 0.0 0.0 0.0
3 1176 56.4002200000 0.0000000000 13780.2424599999 1.0 0.0 0.0 0.0
0 1182 0.0000000000 0.0000000000 13923.0428999999 1.0 0.0 0.0 0.0
201 1183 165.6470782000 0.0000000000 13923.0428999999 1.0 0.0 0.0 0.0
1 1183 104.4002200000 0.0000000000 13923.0428999999 1.0 0.0 0.0 0.0
2 1182 0.0000000000 0.0000000000 13866.6426799999 1.0 0.0 0.0 0.0
2 1182 0.0000000000 0.0000000000 13979.4431199999 1.0 0.0 0.0 0.0
3 1182 56.4002200000 0.0000000000 13923.0428999999 1.0 0.0 0.0 0.0
0 1188 0.0000000000 0.0000000000 14065.8433399999 1.0 0.0 0.0 0.0
202 1189 165.6470782000 0.0000000000 14065.8433399999 1.0 0.0 0.0 0.0
1 1189 104.4002200000 0.0000000000 14065.8433399999 1.0 0.0 0.0 0.0
2 1188 0.0000000000 0.0000000000 14009.4431199999 1.0 0.0 0.0 0.0
2 1188 0.0000000000 0.0000000000 14122.2435599999 1.0 0.0 0.0 0.0
3 1188 56.4002200000 0.0000000000 14065.8433399999 1.0 0.0 0.0 0.0
0 1194 0.0000000000 0.0000000000 14208.6437799999 1.0 0.0 0.0 0.0
203 1195 165.6470782000 0.0000000000 14208.6437799999 1.0 0.0 0.0 0.0
1 1195 104.4002200000 0.0000000000 14208.6437799999 1.0 0.0 0.0 0.0
2 1194 0.0000000000 0.0000000000 14152.2435599999 1.0 0.0 0.0 0.0
2 1194 0.0000000000 0.0000000000 14265.0439999999 1.0 0.0 0.0 0.0
3 1194 56.4002200000 0.0000000000 14208.6437799999 1.0 0.0 0.0 0.0
